6.69465
6.8501
4.28328
3.5618
2.63411
3.36734
2.71324
3.36155
3.03891
3.69549
3.52641
4.34035
3.76803
2.8847
3.08529
3.53837
3.42797
3.24964
3.62901
3.14431
3.48356
3.59516
3.15047
3.82263
3.63644
3.36428
3.32534
3.37847
3.32137
3.28923
3.01327
3.41423
3.46453
3.32801
3.71169
3.92685
2.43479
3.49098
3.94596
4.74039
3.93906
2.71704
3.771
3.6827
3.88356
3.46946
2.13691
2.33989
3.31874
3.59282
2.98127
3.75391
3.67434
3.05479
3.15561
3.58457
3.27548
3.52681
3.07119
2.59627
2.33922
2.66882
3.23152
3.36456
3.54142
3.56533
3.53227
3.6824
3.16483
3.34905
3.39614
3.28465
2.77375
3.60764
2.43651
3.55881
3.7039
3.11517
3.7578
2.84749
3.33198
3.36196
3.35892
3.43533
3.33172
3.68059
3.13324
3.0339
3.25295
3.07871
3.37135
2.87776
3.40387
3.47037
3.48868
3.07965
3.24736
3.6859
3.51552
3.1245
3.16523
3.27044
3.25959
2.79213
2.73728
2.36216
3.40798
3.25952
2.70393
3.03865
3.16726
2.185
2.10374
3.59099
3.10379
3.03956
2.77385
3.43404
3.36812
2.32264
3.36207
3.08845
3.07167
2.72405
3.47312
3.22319
2.71807
3.13568
3.5524
3.07142
3.43368
2.56818
3.04333
2.79446
2.3545
3.21892
2.94466
3.23565
3.46358
3.49423
3.27319
2.20891
3.46466
3.16863
3.12043
2.69145
3.48093
3.3379
3.34277
3.13713
2.18452
3.29025
2.21203
2.20965
2.96974
3.19526
3.01549
3.09872
3.05845
2.84855
3.09527
3.31436
3.72286
2.42147
3.40862
2.93925
3.12844
3.26037
3.33751
2.98148
3.38684
3.1562
2.71936
2.7302
3.24444
2.80825
2.88106
2.71738
3.16605
2.96606
2.51607
3.18168
2.96269
3.04984
2.31656
2.91608
3.04069
2.96994
2.58733
3.03948
3.16983
3.16739
3.11308
2.81457
3.0227
3.06483
3.11643
3.14982
2.76238
2.88297
2.67454
3.12111
3.01461
3.04507
2.62717
2.88216
2.17026
3.05095
2.48243
2.77404
3.1267
2.70491
2.60064
2.88707
3.24887
2.59046
2.79779
2.81634
2.94914
2.74342
2.7853
2.94486
2.72862
2.03733
3.06794
2.81495
2.97506
2.07975
3.00231
3.1121
2.62108
2.66305
2.75433
2.04545
2.7704
3.00617
2.91866
2.91407
2.71336
2.71489
2.90045
2.60599
2.85965
2.77608
3.05965
2.95457
2.3724
2.48866
2.45735
2.73496
3.0906
3.30915
2.72713
2.82529
2.79583
2.60439
2.85468
2.41431
2.42346
2.3117
2.87033
2.61601
2.70706
2.22042
2.66045
2.68564
2.86036
1.9267
2.38985
3.22975
3.58396
2.90353
2.59945
3.16504
3.1706
2.79317
3.21519
2.95838
2.54984
2.76547
2.93653
2.66392
3.01569
2.49775
2.6904
2.41068
2.59682
2.76928
2.80395
2.5153
3.01151
2.75043
2.52739
2.5548
2.75072
2.95912
2.92141
2.74278
2.24453
2.84147
2.87402
2.41014
2.46411
2.97078
2.74516
2.47913
3.07951
2.80018
2.76641
2.93467
2.49367
2.90404
2.77421
2.89102
2.4835
2.45095
2.55355
2.89353
2.97656
2.60936
2.56742
2.33014
2.59741
2.64192
2.49824
2.7376
2.73369
2.87606
2.66406
2.90182
2.57176
2.7336
2.90665
2.8506
2.01096
2.97981
2.41129
2.43785
2.90004
2.66326
2.97153
2.58674
2.68519
2.78342
3.31066
2.75746
2.46818
2.99371
2.88744
2.79532
2.82385
2.99581
2.73384
2.63989
2.77528
2.8718
2.68406
2.71647
2.45797
3.46286
2.39168
2.78345
2.58369
2.6154
2.67797
2.30739
2.67082
3.13544
2.52127
2.70144
2.55574
2.58231
2.60104
3.39387
2.70147
2.66888
3.42806
2.62189
3.11024
2.54025
2.39203
2.51246
2.58135
2.6491
3.00428
2.54915
2.7194
2.89737
2.69617
3.055
2.53663
2.8091
2.59433
2.54342
2.50715
2.63531
2.63253
2.70568
2.87153
2.61599
2.70504
2.67878
2.6649
2.69887
2.36348
2.17122
1.94839
2.60357
2.47937
2.93576
2.51164
2.60837
2.54675
2.97791
2.20887
2.96363
2.63578
2.91246
2.51733
3.18506
2.62372
2.79367
2.67696
2.59974
2.37766
3.05996
2.10048
2.37807
2.8498
2.59346
2.61998
2.32932
2.86088
2.44288
2.8585
2.48859
2.01442
2.3417
1.92952
2.39233
2.60616
2.64374
3.11213
2.70873
2.51232
2.93342
2.28511
3.42491
2.61533
2.38987
2.51586
2.54129
2.48023
2.39209
2.75811
2.19885
1.95413
2.2444
2.60695
2.21812
2.46661
2.96394
2.42933
2.57518
2.39041
2.60812
2.38102
3.11166
3.33876
2.66078
2.57181
2.42323
2.87381
2.42721
2.70876
2.59772
2.69988
2.77882
2.32824
2.22046
2.83176
2.71249
2.49743
2.76531
2.50303
2.0361
2.60479
2.49302
2.44866
2.83376
2.44819
2.60809
2.75437
3.29869
2.67399
2.45005
2.18099
2.7016
2.61482
2.46917
2.51146
2.64289
2.66317
2.61445
2.49432
2.39177
2.40386
2.23482
2.66877
1.92822
2.54092
2.70347
2.64813
2.36575
2.14832
3.00151
2.71603
2.66188
2.42251
2.55761
2.77057
2.06767
1.96899
2.70377
2.39749
2.99857
2.62715
2.2485
2.39077
2.47594
2.90022
2.5549
2.65344
2.73939
2.6454
2.58187
2.4327
2.75296
2.13475
2.49179
2.36242
2.8953
2.34576
2.52098
2.02798
2.23878
2.69885
2.87775
2.02498
3.42049
2.57828
2.34514
2.71667
2.42308
2.3813
2.90269
2.66486
2.50796
2.52728
2.80847
2.57614
2.52452
2.22931
2.52051
2.49246
2.48698
2.31534
2.79769
2.55342
2.36033
2.33267
2.61543
2.4051
2.54301
2.00668
2.74413
2.66055
2.95838
2.24028
2.70328
2.42748
2.9348
2.56692
2.42595
2.45619
2.97016
2.34277
2.4847
2.75013
2.72625
2.02266
2.32137
2.12824
2.88656
2.47338
2.4965
2.24493
2.50128
2.25914
2.65951
2.55806
2.50723
2.56608
2.6902
2.38937
2.46108
2.66087
2.45152
2.22098
2.28206
2.42295
2.84134
2.3033
2.69506
2.61705
2.73104
2.49792
2.28246
2.4216
2.09451
2.1651
2.66275
2.23012
2.4865
2.79986
2.64158
2.44387
2.45571
2.04145
2.6092
2.45252
2.11794
2.57274
2.58962
2.35834
2.46148
3.16477
2.54495
2.55274
2.51446
2.44867
2.40637
2.49867
2.43115
2.45636
2.5977
2.69073
2.5447
2.48711
2.53078
3.29342
2.94627
2.49341
2.46974
2.61085
2.60353
2.44117
2.75667
2.7373
1.92453
2.40931
2.28115
2.43535
2.29179
2.3025
2.59917
2.63891
2.73345
2.66168
3.37516
2.73887
2.39397
2.69691
2.23631
2.66405
2.88533
2.71895
2.38091
2.48475
2.45347
2.64972
2.59696
2.38616
2.09903
1.97638
2.52524
1.87701
2.42281
2.60456
2.67892
2.41721
2.41215
2.52141
2.37724
2.43339
2.53331
2.21384
2.65026
2.02658
2.6784
2.49681
2.46536
2.51111
2.67166
2.33896
2.4586
2.26706
2.50249
2.55558
2.20996
2.69939
2.88592
2.55877
2.67512
2.33477
2.3483
2.45796
2.57568
2.12196
2.71134
2.38031
2.27656
2.56142
2.52348
2.2304
2.29766
2.46182
2.36368
2.20772
2.44858
2.65606
2.45576
2.37001
2.62168
1.91812
2.35849
2.66083
2.42297
2.43942
2.56664
3.05116
2.9182
2.66359
2.43427
2.5024
2.51617
2.49387
2.208
2.40342
2.76716
2.36781
2.36764
1.98198
2.55575
2.5621
2.07329
2.37521
2.52438
2.71511
2.56778
2.66949
2.55827
2.6689
2.127
2.33021
2.32924
2.86885
2.03733
2.95484
2.41033
2.42644
2.39413
2.14726
2.97338
2.20812
2.72828
2.31856
2.53722
2.41024
2.54431
2.01114
2.51617
2.62288
2.52761
2.17578
2.46523
2.11514
2.19191
2.29746
2.47687
2.24295
2.42134
2.41814
2.30156
1.97704
2.56506
2.87088
2.51036
2.61075
2.4978
2.57189
2.5574
2.61457
2.34714
2.60629
2.46812
2.76575
2.41225
2.53628
2.46775
2.06852
2.4445
2.5329
2.09916
2.4192
2.49235
2.63446
2.42957
2.59976
2.69209
2.50485
2.56982
2.24085
2.26914
2.49403
2.29352
2.91302
2.54123
2.15811
2.77216
2.34446
2.40636
2.79001
2.02685
2.49963
2.33407
2.35033
3.00843
2.40618
2.47811
2.49813
2.53577
2.43086
1.98287
2.16813
2.4976
2.88059
2.39097
2.1147
2.43668
3.30909
3.00652
2.37432
2.52552
2.93475
2.21287
2.05737
2.40427
2.31363
2.40215
2.49211
2.21096
2.4501
2.48587
2.69073
1.93559
2.47515
2.38111
2.15432
2.40885
2.21184
2.6432
2.21174
2.40649
2.18277
1.95207
2.32163
2.25761
1.93625
2.72563
2.42643
2.68863
2.38604
2.62855
2.16674
1.97739
2.10586
3.06441
2.16805
2.419
2.34733
2.48237
2.4301
2.7466
2.37054
2.57312
2.21818
2.38266
2.34468
2.46536
2.35875
2.43566
2.50038
2.91153
2.25313
2.29761
2.72262
2.37662
2.39728
2.27964
2.7843
2.63451
2.40197
2.39517
2.44656
2.08441
2.35753
2.8742
2.67756
2.17739
2.46809
2.3934
2.08204
2.87863
2.32805
2.54586
3.10096
2.53902
2.49043
1.99811
2.45665
2.52844
2.2996
2.4729
2.37649
2.2269
2.31598
2.07662
2.39256
1.81335
2.42402
2.42627
2.12479
2.85812
2.23501
2.36877
2.24948
2.35789
2.39789
2.44743
2.07046
2.14876
2.399
2.27067
2.66549
2.43335
2.70313
2.39352
2.6864
2.60183
2.60329
2.19388
2.42305
2.40565
2.62218
2.26308
2.44762
2.21108
2.49789
2.25894
2.30135
2.51715
2.91014
2.33826
2.52264
2.33681
2.41097
2.12956
2.0611
2.40624
2.38588
2.31056
2.03466
2.71664
2.49216
2.23587
2.5692
2.54099
2.17722
2.23613
2.40995
2.48447
2.24034
2.43952
2.06271
2.07998
2.44381
2.21392
2.43976
2.22066
2.25147
2.31473
2.42253
2.17203
2.14367
2.11867
2.73838
2.60628
2.67733
2.16617
2.11481
2.82093
2.35626
2.50322
2.26129
2.07258
2.31785
2.42818
1.74066
1.8862
2.10374
2.07534
2.52614
2.33837
2.01567
2.29625
2.67545
2.65086
2.58082
2.54257
2.69429
2.18273
3.96694
2.67502
2.26995
1.83478
2.42688
2.57256
2.4692
2.58037
2.33896
2.8587
2.24698
2.8122
2.35681
2.32404
2.51314
2.85779
2.76684
2.2613
3.42928
2.4818
2.64624
2.50405
3.02853
2.29
2.3463
2.02119
1.81369
1.90853
2.14206
2.24697
2.1102
2.40948
2.69332
2.59901
2.15341
2.40034
2.38511
2.21179
2.31651
2.27381
2.28905
2.47917
2.39276
2.3289
2.54159
2.05788
2.36118
2.35277
2.73517
1.93684
2.38098
2.77537
2.46479
2.33049
2.35599
2.57285
3.01418
2.35412
2.42984
2.27452
2.43179
2.67467
2.29237
2.42506
2.43284
2.24581
2.42391
2.10231
2.35202
2.62181
2.456
2.36158
2.31475
2.7283
2.36465
2.54324
2.35202
2.55342
2.55119
2.26185
2.89362
1.77382
2.1914
2.18439
2.40276
2.12828
2.5118
2.3097
2.26607
2.34756
2.34211
1.80605
2.36667
2.03906
2.00993
2.52933
2.72653
2.22007
2.70736
2.23346
2.65282
2.29917
2.3233
2.13967
2.60135
2.37109
2.43655
2.65093
2.54362
2.57882
2.23156
2.52716
2.34742
2.46712
2.71271
2.04708
2.25577
2.71892
2.03007
2.4199
2.17835
2.41351
2.33285
2.33178
2.50907
2.08438
2.58802
2.19362
2.32618
2.18839
2.18218
2.13085
2.1715
2.16597
2.33194
2.04003
2.39161
2.16736
2.36814
2.39915
2.00687
2.23008
1.88036
2.30378
2.83279
2.39172
2.22198
2.0063
2.3387
2.63368
2.29592
2.14525
2.41353
2.3163
2.15601
2.46108
2.27068
2.23612
2.34982
2.25108
2.49324
2.4806
2.29921
2.49728
1.88307
2.20645
1.82579
2.26736
2.04661
2.46189
2.74206
2.28263
2.43338
3.02846
2.43366
2.29852
2.43108
2.30487
2.26742
2.03254
2.38651
1.95688
2.38101
2.2257
1.80925
2.15888
2.61179
2.39509
3.02661
2.17333
1.96351
2.31377
2.10067
2.26771
2.25215
2.38519
2.44914
2.08186
2.25503
2.16291
2.32761
2.38414
2.28264
2.34594
2.3409
2.39809
2.3151
1.98411
2.30764
2.36355
2.54874
2.19278
2.16082
2.26255
2.24241
2.46944
2.05736
2.50532
2.19311
1.79033
1.9772
2.10773
2.37778
2.29454
2.06757
2.56793
2.59913
2.64867
2.35346
2.2508
2.52303
2.76331
2.24183
2.26544
2.15758
2.21761
2.30464
1.7829
2.31735
1.71653
2.14216
2.66804
2.81051
2.46404
2.20568
2.16564
2.22495
2.26974
2.47975
2.07219
2.63747
2.20042
2.30863
2.50572
2.04117
2.19754
2.31013
2.4653
2.05499
2.94039
2.04254
2.7002
2.64699
2.17639
1.98747
2.18328
2.38281
2.77012
2.61641
2.63119
2.68454
2.65447
2.35891
2.2042
2.42981
1.95392
2.02655
2.28567
2.44755
2.13495
2.49841
2.45713
2.51498
2.26486
2.46923
2.46243
2.13601
2.65858
2.2288
2.31462
2.03202
2.03813
2.41486
2.40627
2.18229
2.6679
1.98269
2.16664
2.63129
2.19576
1.9446
2.27612
2.21358
2.2227
1.98086
2.23523
1.70355
2.2957
2.34204
2.58168
2.24438
2.20118
2.13948
2.30304
2.46189
2.41831
2.34656
2.20107
2.56512
2.20873
2.16139
2.26913
1.87882
2.45021
2.18656
2.26919
2.3236
2.26146
2.2628
2.10584
2.41616
2.42933
2.15482
2.96826
2.32246
2.34073
2.66033
2.38365
2.32112
2.1757
2.1973
2.60582
2.5351
2.29378
2.43269
2.38927
2.15513
2.24406
1.99018
1.92007
2.34982
2.11148
2.31051
2.14164
2.22864
2.34219
2.60669
1.81412
2.38984
2.72498
2.50264
2.94119
2.42964
2.19716
2.53901
2.25944
2.34185
2.4195
2.57677
2.45433
2.62135
2.55453
2.04816
2.6335
2.40204
1.78472
2.22719
2.25242
2.2057
2.32241
2.42208
2.39062
2.19625
2.12786
2.32645
2.6171
2.06275
2.25885
2.52517
2.10803
1.95336
2.08119
2.14116
2.40418
1.9264
2.57419
2.27854
1.9832
2.2625
2.1953
2.33274
2.39078
2.37784
2.4665
2.68576
2.45262
2.42283
2.35684
1.90488
2.32355
2.54995
2.46807
2.34981
3.10681
2.32318
2.05671
2.08033
2.57883
2.33438
2.47929
2.19615
2.47565
2.4431
2.22825
2.70829
2.16821
2.7646
2.9824
2.20337
2.17508
2.35431
2.3206
1.99781
2.53717
2.31751
2.21038
2.50389
2.63838
2.20868
2.42082
2.29637
1.95021
2.41971
2.22859
2.62997
2.40708
2.36045
2.16136
2.13262
2.43907
2.89209
2.46293
2.37608
2.29249
2.25753
2.49714
2.0856
2.42492
2.2739
2.5667
2.37847
2.52237
2.70138
2.34987
2.46556
1.97371
2.00115
2.32656
2.13039
2.2631
2.00302
2.46206
2.73207
2.21543
2.32167
2.19355
2.27525
2.04073
2.46322
2.63035
2.34716
2.8877
1.99142
2.30712
2.59239
2.01555
2.21604
2.12274
2.43378
2.65826
2.14825
2.22858
1.92702
2.17567
2.06098
1.99207
2.27536
2.32666
2.30557
2.01783
2.91675
2.63553
2.60191
1.91817
2.52321
2.33402
2.60025
2.34048
2.25261
2.4989
1.95409
1.97239
2.76825
2.35116
2.36571
2.29829
2.46979
2.39686
2.52663
2.25355
2.63567
2.1635
2.40122
2.5639
2.33431
2.30298
2.13412
2.39675
2.49061
2.49423
2.20144
2.46842
3.31251
2.67293
2.2577
2.7919
2.01133
2.59188
2.38155
2.47321
2.33801
2.26062
2.53605
2.02843
2.38403
2.39509
2.23511
2.57577
2.2997
3.0081
2.49821
2.179
2.26113
2.09964
2.29966
1.90048
2.19538
1.72951
3.46054
2.12204
2.16492
2.32088
2.16593
2.38464
2.09022
2.27209
2.3684
2.54038
2.17933
2.58607
2.08914
2.40583
2.52986
2.1104
2.24185
2.21861
2.14283
2.29248
2.12769
2.64398
2.47537
2.54833
2.22025
2.33463
2.07208
2.2016
2.34424
2.75131
2.23402
2.4809
1.95948
1.81623
2.15451
3.16235
2.03552
2.44779
2.22836
2.26542
2.82069
2.10339
3.0775
2.21175
2.42135
2.16763
2.04661
2.72257
2.13501
2.26863
2.82003
2.47884
2.12323
2.69311
2.13743
2.46536
1.74735
2.18145
2.2591
2.04239
2.27443
2.46493
2.23472
3.15478
2.16511
2.55855
2.47193
1.99533
2.47311
2.44059
2.33846
2.29495
1.95259
2.55909
1.86394
2.11492
2.26915
2.58784
1.91875
2.29809
2.3025
2.49475
2.3202
2.25879
2.21688
2.63866
2.0299
2.09744
2.36203
2.13924
2.07765
1.9675
2.16302
2.18363
2.18443
2.29708
2.08206
2.71671
2.65699
2.19978
2.27494
2.11892
2.24676
2.33857
2.21001
2.09845
2.29601
2.4547
2.14484
2.22754
2.30662
1.98893
1.94199
2.70597
2.61452
2.29365
2.67265
2.3025
2.41389
2.39684
2.45841
1.90136
2.31078
2.14176
2.44317
2.43704
2.33835
2.18073
2.27614
1.92799
2.26351
2.16699
2.17356
1.9453
1.94908
2.42897
2.41059
2.24976
2.19327
2.29847
1.9724
2.41076
2.40519
2.18746
2.15054
2.1449
2.1671
2.48051
2.16595
2.24361
2.37187
2.1851
2.08503
2.21303
2.38936
2.2841
2.25653
2.28599
2.34403
2.10776
2.10487
2.21567
2.1254
2.31996
2.05904
1.9791
2.34171
2.2114
2.2371
2.01323
2.23638
2.3383
2.10093
1.96132
2.41157
2.11033
2.49332
2.50798
2.14802
1.93012
1.75795
2.23708
2.52466
2.03188
2.14948
2.1376
2.31073
2.08096
1.84985
2.24185
2.04227
2.19646
2.19972
2.05208
2.62129
2.93248
2.35338
2.13537
2.12512
2.29978
2.37711
1.92235
2.77627
2.17855
2.14394
2.82024
2.58618
2.20999
2.45795
2.48679
2.12653
2.18231
2.00389
3.26207
2.16186
2.63518
2.41259
2.02809
2.17644
2.33426
2.25472
2.12859
2.30968
2.08926
2.3355
2.26083
2.37256
2.11854
2.14932
2.10974
2.14706
2.17066
2.44684
2.57332
2.36877
1.86172
2.19586
2.37494
2.44537
2.12682
2.42724
2.04092
2.29885
2.077
2.30842
2.34979
2.2121
2.04358
2.40255
2.38336
2.25461
2.54146
2.06216
2.33796
2.60046
2.29039
1.85881
2.17267
2.13124
2.42788
2.21772
2.12158
2.58329
2.36063
2.41707
2.23099
2.08989
2.16803
2.48628
2.19708
2.11004
2.7948
2.63442
2.285
2.32291
2.16913
2.13831
1.99728
2.06043
2.4253
2.30997
2.3552
2.39151
2.36119
2.62243
2.12545
2.06375
2.62511
2.18339
2.18488
2.54523
2.24989
1.79867
2.52476
2.35389
2.07414
1.99941
2.52415
2.26366
2.40917
2.33716
2.74914
2.28494
2.34847
2.14626
2.38997
2.56061
2.41822
2.1417
1.74981
2.16282
2.1281
2.00754
2.12949
2.10001
2.38804
2.49347
2.53422
2.32512
2.61311
2.49171
2.10051
2.23865
2.24964
2.17229
2.66146
2.73294
2.35541
2.10261
2.25816
2.20257
2.1995
1.62962
2.27753
2.09794
2.20332
2.25825
2.05371
2.51156
2.23779
2.63794
1.93007
2.25449
2.01813
2.02422
2.12998
2.11792
2.03946
2.53156
2.1401
2.40499
2.55837
2.06617
2.52677
2.46628
2.13168
2.39777
2.18763
2.02349
2.57471
2.23417
2.57791
2.28781
2.1267
2.4469
2.3559
2.07509
2.16853
2.10747
2.27874
2.5441
1.8991
2.29439
1.98979
2.4541
1.80016
1.9679
2.23033
2.08443
2.17685
2.26701
2.57184
2.34209
2.56137
2.29533
2.24282
2.302
2.30935
2.03573
2.02784
2.18338
2.03133
2.12459
2.06332
2.32222
2.28825
2.3624
2.43105
2.04347
2.4905
2.13189
2.21932
2.45528
2.26272
2.1841
2.08676
2.61948
2.65623
2.34311
2.21806
2.1931
2.084
2.17833
2.34525
1.9106
2.28709
2.6915
2.28643
2.17815
2.67396
2.19011
2.19494
2.20816
2.22226
2.10581
2.555
2.4127
2.18527
2.55603
2.15188
2.05231
2.80635
2.22869
2.5649
2.25934
2.10818
2.02888
2.32367
2.35765
2.04399
2.22465
2.11685
2.14883
2.25222
2.10883
2.18802
2.35508
2.18317
1.9719
2.31665
2.02784
2.12678
2.21211
2.57609
2.62164
2.15522
2.15849
2.01122
2.12705
2.42084
2.36997
2.50183
2.2423
1.89731
2.16443
2.30517
2.06924
2.18898
1.8224
2.32603
2.05698
2.32709
2.46554
2.26715
1.76277
2.56686
1.84086
2.11203
2.26368
2.14579
2.72481
1.89798
2.10271
2.13199
2.27938
2.32836
2.51714
2.06426
2.42271
2.15529
2.03711
2.336
2.34293
2.13757
2.36523
1.88177
2.08492
2.03988
2.16546
3.04834
2.12103
2.12395
2.49581
2.1995
2.55183
2.18372
2.13694
2.38495
2.96896
2.49621
2.20894
2.1346
2.07455
1.90889
2.71046
2.30745
2.11254
2.49222
2.55522
2.08099
2.12089
2.23926
2.19821
2.31455
1.92608
1.94814
2.41546
2.28793
2.23462
2.11545
2.04877
1.76489
1.88638
2.21869
2.09247
2.9313
2.26905
2.05252
2.26275
2.21228
2.25466
2.84769
2.44647
2.12306
2.17735
2.19472
2.29025
1.92702
2.15406
2.0259
2.33103
2.69031
2.49009
2.29888
2.41676
2.27699
2.198
2.36612
2.12918
2.25936
2.21774
1.93131
1.7914
2.29528
2.28489
2.54919
2.18858
2.17908
2.38789
1.95067
2.57974
2.24227
2.12561
2.11
2.19802
2.55943
2.50606
2.1618
2.1863
2.24621
1.92638
2.34399
2.58932
1.93971
1.95537
2.45928
2.94913
1.9919
2.20878
2.00749
1.97156
2.33674
2.10201
2.27239
2.15698
1.91255
1.98892
2.20378
2.44854
2.25827
2.23704
2.24077
2.3867
2.01213
2.05163
1.985
2.12127
1.82588
2.09044
2.16775
2.23401
2.25772
2.16937
2.33339
2.08988
1.99203
2.18579
1.87315
2.31544
2.12731
1.98135
2.18404
2.03214
2.28775
2.49896
1.9937
2.25983
2.04385
1.97122
2.38936
2.46721
2.33124
2.19622
1.81207
2.24625
2.52258
2.29894
1.91586
2.52549
2.13606
2.01147
2.46958
2.21237
2.17461
2.52254
1.9454
2.39567
2.3168
2.25472
2.27635
1.91886
2.08832
2.22764
2.42588
2.24734
1.77397
2.23743
2.20638
1.94702
1.96826
2.47865
2.4
2.14166
2.58721
1.86831
2.21165
2.10612
2.16378
2.18313
2.21757
2.78066
2.54742
2.36663
1.9437
2.61009
2.12517
2.1592
2.15159
2.22671
2.23234
2.09273
2.77305
2.14606
2.30003
2.01892
2.33304
2.1469
2.3556
2.04338
2.2756
2.47928
2.32954
1.82012
2.04197
2.23197
2.34099
2.42617
1.94308
2.11475
2.05551
2.71017
2.33896
2.40674
2.04776
2.40587
2.09109
2.28477
2.5127
2.31951
2.16301
2.53533
2.11373
2.41275
2.17206
2.67789
2.38028
2.52277
1.94665
2.18544
2.28193
2.2129
2.45427
2.0815
1.8303
2.34399
2.36281
2.27418
2.23619
2.34029
2.24012
2.09771
2.19625
2.33917
1.96921
2.40473
2.306
2.3688
2.54382
2.2601
2.08795
1.99734
2.05539
2.08086
2.02514
2.40947
2.12057
2.21753
2.02215
3.29062
2.20437
2.13128
2.07262
1.81994
2.15817
2.46161
2.31187
2.33769
2.0832
2.13646
1.98376
1.91366
2.34696
1.8937
2.04296
2.25398
2.04339
2.33688
2.00483
2.0578
2.21287
2.62277
2.05374
2.49369
2.02816
2.43535
2.21897
2.04531
1.81165
2.12446
2.07434
2.29259
2.72757
2.54146
1.92047
1.82664
2.38426
2.14177
2.78425
2.34796
2.42914
2.18961
2.3541
2.28784
1.84819
2.44859
2.46392
2.28816
2.29861
2.21282
2.10572
2.0785
2.3423
2.40234
2.33422
2.00575
2.22845
1.9055
1.94105
2.19678
2.21699
1.8322
1.91458
1.72453
1.636
2.25721
2.21471
2.18099
2.11245
2.18629
2.27098
2.33699
2.26396
2.16823
2.27652
1.967
2.22178
2.227
2.06167
1.92466
2.14703
2.22862
2.19383
2.35541
2.29441
2.03667
2.03635
2.16204
1.95641
1.93369
2.05045
2.19463
2.17229
2.20699
2.00879
1.78558
2.07977
2.59929
2.11222
2.1198
1.923
2.11765
1.87437
2.16028
1.94353
2.10106
2.25896
2.40897
1.97991
2.19111
2.08764
2.53956
2.26517
2.79816
2.11765
2.37531
2.34584
2.80368
2.13899
2.21176
1.92959
2.20934
2.28259
2.1887
2.33764
2.18493
2.29322
2.06147
2.13122
2.5065
2.21622
2.15276
2.24656
2.40501
2.376
1.95089
2.19318
2.12316
2.18376
2.30635
2.26103
2.25783
1.93967
2.36777
2.16922
2.39643
2.52994
2.12402
2.28901
2.3927
1.81878
2.3556
1.98199
2.30849
2.44645
1.74677
2.32149
2.7385
2.20387
2.20705
2.41949
2.74014
2.07836
2.06286
2.17259
1.88318
2.01944
1.85222
2.2322
2.16524
2.03186
2.13355
2.19529
1.66759
2.85527
2.32292
2.7253
2.12226
2.14482
2.29545
2.26846
2.01162
2.65621
2.27922
2.39548
2.45724
2.33878
2.02233
2.42828
2.11238
2.43496
2.29081
2.34001
2.39931
2.43841
2.03158
2.1034
2.20349
2.2966
1.99124
1.85593
2.15889
2.13907
2.49842
2.05695
2.56555
2.3825
2.05974
2.09896
2.55691
2.21486
1.60052
2.57231
2.16786
2.27898
2.43525
2.18562
2.27948
2.22923
2.2171
2.20788
2.21952
1.90104
1.86786
2.07503
1.96251
1.97969
1.93315
2.18714
2.48938
2.3033
1.5894
2.03713
2.17798
2.48432
2.05343
2.02966
2.27485
2.27808
2.21957
2.27788
2.49859
2.09976
1.98053
1.74668
2.12989
2.21068
2.2869
2.53358
2.47635
2.4742
2.4591
2.18661
2.58346
2.08935
2.12063
2.04506
2.23878
2.76839
2.44536
2.50021
2.68459
2.19789
2.37082
1.9244
2.89937
2.81023
2.02032
2.22841
2.17966
2.50538
2.19229
2.30302
2.19684
3.09549
2.31079
1.93429
2.06349
2.19831
2.24304
1.76149
3.01078
2.34998
3.0904
2.09264
2.46335
2.2567
2.53239
2.29565
2.13476
2.16398
2.2803
2.14482
2.20949
2.11173
2.37439
2.12625
2.19209
2.18141
2.03221
1.77837
2.22563
1.98113
2.0939
2.29716
2.26889
2.23178
2.44465
2.03712
2.06363
2.30944
2.88797
2.20622
1.89255
2.08201
1.86955
2.42303
2.27413
2.06818
2.24133
1.80257
2.12302
2.13145
2.12156
2.20012
2.15094
2.23322
2.27144
2.17951
2.14775
2.35611
2.11438
2.15238
2.29784
2.18255
2.13568
1.71309
1.69289
1.95341
2.10265
2.12968
2.36041
2.36362
1.67385
2.32037
2.14386
2.17469
2.03565
1.75241
1.83728
1.88346
2.06334
2.14034
1.76693
2.08481
2.19619
2.24869
2.09298
2.02786
2.01363
2.03641
1.959
1.95366
2.48592
2.35335
2.33301
2.03743
2.19883
2.28737
1.97117
1.88553
1.88191
1.96815
2.13634
2.13372
2.40066
1.89116
2.30501
2.1975
2.13195
1.87906
2.18987
2.23088
2.26722
2.32884
2.63539
2.36556
2.26303
2.20178
2.1735
1.70294
2.35755
2.05436
2.2132
2.40051
2.51922
2.28802
2.25466
2.20076
2.22222
2.10856
1.7998
2.40564
2.03454
1.77033
1.94451
2.59915
2.8983
2.12734
2.14224
2.10139
2.21566
1.95983
2.24151
2.03979
1.89696
2.11614
2.13335
2.0051
2.3772
2.52306
2.72388
2.12239
2.29563
1.75247
2.35151
2.72096
1.98871
2.24987
2.06515
1.90915
2.34769
1.77358
2.23142
1.97457
2.1978
2.2048
2.17558
2.30967
2.26508
1.95837
2.31236
2.72218
1.87653
2.18373
2.59631
2.07398
2.38661
2.06786
2.07462
2.23767
2.19043
2.21826
2.45424
1.94943
2.12912
2.437
2.23794
1.71538
2.03809
2.07312
2.31452
2.12028
2.03955
2.06992
1.89878
2.2347
2.01726
2.13194
2.53567
1.96993
2.53525
2.45685
2.34881
2.22835
2.29115
2.01086
2.10876
2.34304
1.91454
1.89934
2.40448
1.90562
2.07131
1.98627
1.95318
2.30979
2.11776
2.08391
2.59378
2.21599
2.31431
2.00855
2.28068
2.07958
2.24023
2.20127
1.94837
1.99678
2.14147
2.02676
2.20879
1.99571
2.54945
1.90824
2.1881
2.85959
2.07056
2.7325
1.97935
2.04124
2.13983
2.13209
1.85721
2.28383
2.49971
2.19196
2.17117
1.91772
2.11039
2.36656
2.14545
2.32654
2.05455
1.79313
2.0892
1.87875
2.54741
1.79034
2.09525
2.14656
1.95728
2.10445
1.97125
2.54968
2.43022
1.95302
1.9792
2.02458
2.17383
2.12442
2.63972
1.93606
2.15173
2.14641
1.98947
2.33577
1.98465
1.96107
2.79165
1.66082
1.86332
2.50673
2.24253
2.08396
2.35147
2.1001
1.92406
2.1394
2.18849
2.02493
2.26986
2.40161
2.19442
2.22094
2.10044
2.69374
2.12852
2.05847
2.05584
2.44608
1.85557
2.16222
2.09099
1.9852
2.56987
2.09142
2.45884
2.09414
2.16959
2.01181
1.94512
1.76796
2.32966
2.30469
2.03688
1.84494
2.12033
2.64334
2.57413
2.41595
2.01288
2.19009
2.11176
2.26115
2.35246
2.38162
2.15412
2.13045
2.05118
2.25578
2.08402
1.81902
2.24767
2.34578
2.10639
2.8845
1.98271
2.21368
2.13702
2.36058
2.43448
2.22952
2.21766
1.97665
2.04156
2.38814
2.29885
1.99514
2.21678
2.10505
2.16629
2.48079
2.24506
2.18608
2.22778
1.99154
2.80336
2.28997
2.14977
2.29297
2.09602
2.21375
2.47297
2.13794
2.32613
2.31228
1.68152
2.54645
2.3248
2.44414
2.34245
2.04919
2.23185
2.33502
2.01331
2.2444
2.41163
2.39717
2.1056
2.56986
2.20167
2.00219
2.07517
2.0412
2.06861
2.23091
2.37216
2.00276
2.41698
2.50829
1.84058
2.4231
2.118
2.10473
2.09112
1.99808
1.90365
1.78978
2.17346
2.40375
2.23001
2.57341
2.06811
2.26434
2.14422
2.64503
1.89424
2.37635
2.09697
2.21141
2.06687
2.30996
2.28822
1.87179
1.86845
2.1872
2.14458
2.1709
2.21285
2.27734
2.31297
2.46982
2.14547
2.07062
1.99775
2.22823
2.15882
2.18636
2.09293
2.37958
2.38609
1.83855
2.58711
2.32564
2.02361
2.25001
2.31891
2.15397
1.92186
2.36278
2.24598
2.12621
2.34238
2.07009
2.21913
1.90204
2.05842
2.50179
2.1171
2.15979
1.99325
2.32785
2.45678
2.55402
2.26083
2.01149
1.9345
3.10992
2.6761
2.17444
1.97701
2.12718
2.28209
2.14208
2.35993
2.14535
2.03
2.54206
2.14692
2.23873
2.05608
2.55568
1.94811
2.15891
2.44323
2.3154
1.78879
2.3526
2.31132
2.31861
2.35362
2.15794
2.2414
2.09932
2.09984
2.36796
2.09611
2.24665
2.27824
2.29
2.3795
1.93861
2.2185
2.20293
2.25142
1.899
1.95819
2.41415
2.28692
2.32884
2.3452
2.11922
2.70901
2.12765
2.02813
2.29948
2.03949
2.90892
2.74506
2.371
2.00698
2.04607
1.9812
2.69913
2.27049
2.01152
2.21922
2.00265
2.15363
2.07088
1.97997
2.06707
2.1621
2.25043
2.09897
2.11096
2.08661
2.12799
2.05207
2.12702
2.38296
2.15313
2.42607
2.40205
2.40539
2.24483
2.11846
2.10043
1.85498
2.17074
1.98821
2.40565
1.81572
2.16799
2.18165
1.86761
2.23138
2.27174
2.28985
2.36467
1.48255
2.41024
1.78062
2.43822
1.99829
1.99611
1.63041
3.27527
2.10122
1.93824
1.81073
2.2264
2.03826
2.34061
2.06781
2.29327
2.08791
2.5119
2.44024
2.07111
2.50287
2.1032
2.33976
1.83471
1.90202
2.30543
1.98545
2.4222
1.96901
2.25218
2.06577
2.72131
2.19797
2.36139
2.03029
2.13242
2.13925
1.99769
2.00745
2.31545
2.31384
2.14775
2.31937
1.86798
2.34594
2.07684
1.91427
2.24164
2.40565
1.79041
2.10883
1.92975
2.21017
2.21161
2.45744
2.1367
2.59812
2.23072
1.75672
2.25782
2.58459
1.91266
2.26747
2.16045
2.3067
1.71163
2.36328
2.02898
2.03599
2.04147
2.31717
2.25811
1.69914
2.40036
2.13757
2.25813
2.19724
2.13339
1.92694
1.77814
2.19763
2.23793
1.94932
2.81796
2.32689
2.07938
2.13303
1.87931
2.11749
2.21385
2.07415
2.28893
1.89974
2.28857
2.04963
1.77653
2.07687
2.2052
2.25054
1.74026
2.76845
2.31283
1.95809
1.97551
1.74881
2.13297
2.24332
2.12466
1.99593
2.09629
2.06838
2.75716
1.73565
1.80444
2.42148
2.62206
1.98724
2.02187
2.11271
2.4352
2.08537
1.97077
1.75929
1.91688
2.38081
2.15109
1.75094
2.17077
2.22781
2.18766
1.92646
1.6615
2.05003
2.00404
2.46562
1.98071
1.99542
1.83993
2.32374
2.10555
2.33305
2.04153
2.619
2.32908
1.9064
2.18297
1.75945
2.17573
2.11983
2.17557
2.03398
2.06672
2.24383
2.24742
2.30106
2.21826
3.04522
2.18741
1.97503
2.00775
2.25723
2.70444
2.05708
1.89993
2.23229
2.45616
1.97407
1.93965
2.44343
2.01247
1.77153
1.84175
2.20757
2.18522
1.98873
2.12543
2.33072
2.14895
1.7727
2.10621
2.28399
2.03863
2.50229
1.87551
2.05892
2.33421
1.86834
2.27401
1.72354
2.11104
1.95453
2.04023
2.12078
2.16039
2.36213
2.22814
2.09044
2.22761
1.6216
2.27545
2.01921
2.02656
2.21202
2.00236
1.78247
2.24092
2.13973
1.89135
1.98616
2.14401
2.01678
2.16282
2.12865
2.26799
2.09684
1.84454
1.77286
1.97003
1.99823
1.67054
1.65517
2.0398
1.84963
1.5503
2.07107
2.24875
2.17625
1.9727
2.12987
2.2578
1.54494
2.29496
2.09959
2.01548
2.6478
2.15088
2.1812
2.25719
2.03285
2.08717
2.29114
2.15373
2.24755
1.91853
2.04536
1.88641
1.79915
2.18514
2.24004
2.26738
2.10139
1.89911
1.96554
2.07733
2.35723
2.42666
1.95375
2.14198
2.03921
2.06969
1.93239
2.10335
2.44869
2.26038
2.28721
2.19769
1.94954
2.14015
2.15927
2.19278
2.37552
2.28948
2.02273
1.6968
2.19688
2.07026
2.27435
2.02452
1.81359
2.27209
1.89273
2.02097
2.32032
2.1424
2.43972
2.0816
2.05421
2.04458
1.93673
1.6947
2.08057
1.9828
2.3131
1.74122
2.04777
1.81564
2.47399
2.16475
2.20575
1.84271
2.13651
2.19701
2.12393
2.15041
2.19067
2.00635
1.5177
2.12634
1.98789
1.94855
2.0645
2.32494
2.05605
2.34478
1.75578
2.12192
2.02756
2.53398
2.23419
2.30288
2.1328
1.98077
2.05987
1.96325
2.03088
1.87136
2.25565
2.0876
1.92588
2.45886
1.57593
2.35354
2.30946
1.72684
1.85222
2.3716
2.13064
2.2094
2.05787
1.89188
2.06455
2.06267
2.31856
2.50135
2.18475
1.95798
2.35938
2.0741
2.13855
2.06403
2.09724
1.8803
2.1011
2.16956
2.20762
2.02728
2.3433
2.1197
2.07817
1.78987
2.08602
2.22009
2.18422
2.51519
2.01726
2.07048
2.42065
1.81362
1.90118
2.51743
2.29075
2.09912
2.23604
2.39007
2.07154
2.65264
2.00868
2.40648
2.38397
2.03754
2.1741
1.70113
2.00586
1.7695
2.44663
2.30158
2.13493
1.86377
2.12785
2.29267
1.95948
1.87036
2.01528
2.06325
2.46138
2.25587
2.44937
2.13253
2.17057
2.24016
1.67976
2.03698
2.16163
2.13265
1.96524
2.34624
2.19065
2.27284
2.16703
2.21531
2.78659
2.22168
1.82338
2.59478
2.26943
2.05581
2.02567
2.32668
2.26293
2.26314
2.22771
2.1357
2.16016
1.95014
2.14919
2.77838
2.02609
2.10895
2.27708
2.14161
2.18937
1.81642
2.17067
2.31538
1.96083
2.16256
2.00234
2.10892
1.88179
2.199
3.36684
1.98549
2.46599
2.29847
2.83009
2.06694
2.06682
2.12917
2.12205
2.18195
2.20827
2.24146
2.03393
2.24725
2.19578
2.22826
2.06534
2.22688
2.26832
2.08312
2.23883
1.99336
2.03605
2.01886
1.97181
1.94301
2.45806
2.24573
2.18292
2.198
2.11834
1.9484
1.75376
1.72656
1.84176
2.35311
1.8729
2.05119
2.22898
2.30389
1.97027
2.1059
2.21467
2.37577
2.05292
2.42565
1.96988
2.0979
2.03524
2.17304
1.97107
2.46798
2.13206
1.91553
1.8793
2.20509
2.13837
2.00692
2.19304
2.11852
1.96775
1.93637
1.70893
2.0442
1.78006
1.67902
2.30908
2.13688
2.63281
2.1984
2.09963
2.20252
1.80666
3.28779
2.08052
2.10917
1.99035
2.18062
1.98419
1.9909
2.36185
1.90912
1.7407
1.92908
2.08043
2.11541
1.92383
2.04156
2.37664
2.07638
2.03218
2.23568
2.01107
2.6597
2.01068
2.21897
2.26682
2.1396
2.01981
2.63524
2.15239
2.15409
1.92041
2.21127
2.1624
1.94978
2.15903
2.11958
2.65738
2.13277
2.28403
1.83303
2.28824
1.90945
2.10544
2.29824
1.90087
2.2386
2.03693
2.3199
3.00063
2.19905
1.87713
1.88087
2.34038
2.02218
2.08425
2.19092
2.16096
2.01724
2.26517
2.12262
2.09495
1.84798
2.37896
1.77953
1.96252
2.46903
2.17014
2.1664
2.11767
1.85751
2.30654
2.3906
2.17488
2.20754
1.97931
1.95246
1.73846
2.13551
1.96986
2.07122
2.0845
2.01558
1.80528
2.24393
2.63715
2.01377
2.28185
2.3759
2.27965
2.36702
2.04456
2.11487
2.22676
1.82277
2.00544
2.47509
1.95675
2.21502
1.6895
1.9036
2.41801
2.15357
2.22363
1.88861
2.71585
2.20136
2.24526
1.96228
1.83342
2.36914
2.6003
2.07224
2.09223
2.0595
2.19107
2.17839
1.75792
2.12686
1.94303
2.10102
1.94849
2.16415
2.25485
2.07741
2.05428
1.96105
2.07719
1.79528
1.73933
2.49154
2.31223
2.57285
2.012
2.31431
2.10888
2.02845
2.38793
2.21544
1.98838
2.21202
1.86567
2.22207
2.2635
2.20486
1.80573
2.16953
2.07977
1.88827
2.43715
2.30717
1.98148
1.95161
1.85642
2.18287
2.24425
1.89753
2.15138
2.13974
2.18709
2.00201
2.0992
1.94344
1.96754
1.85975
2.05741
2.48175
1.76353
2.10279
2.08811
2.11854
2.46021
2.07733
2.14971
1.64314
1.91842
2.11561
1.95029
2.02909
2.07928
2.00234
2.17961
2.25969
1.75131
2.20178
1.95516
1.79551
2.06851
2.16473
2.27113
2.07806
2.07067
2.75262
2.03979
2.15123
1.92425
1.95349
2.30189
2.0704
2.06623
2.15171
2.20975
2.42713
2.13994
1.83855
2.33626
2.3754
1.80214
2.11301
2.21709
2.13407
1.86887
2.11311
2.57578
2.32579
1.7445
2.01555
2.2005
2.05734
1.99236
1.93511
2.00452
2.46824
2.0356
2.40009
2.86247
2.40845
2.33788
1.86527
2.39939
2.22811
2.20168
2.04015
2.22069
2.20746
1.90323
2.37676
2.18335
1.86581
1.70074
2.24735
1.69084
2.01114
2.18294
2.29558
2.09893
2.10247
1.94646
1.9859
2.0965
2.13363
1.88628
2.12185
1.78456
2.36401
2.07247
2.03945
2.26125
2.23873
2.39847
2.13615
2.06801
2.1764
2.14692
1.84354
2.32077
2.37232
2.10179
2.23295
2.07976
1.80995
2.21545
2.29242
1.90971
2.30456
1.94713
2.05748
2.27772
2.08053
2.06937
1.90281
2.13837
2.09887
1.95875
1.8445
2.40822
2.10888
2.17647
2.16021
2.09539
1.75551
2.02183
2.40338
2.12179
2.29009
2.05317
2.62815
2.43473
1.96926
2.15738
2.03667
2.23472
2.03745
1.83612
2.34914
1.98249
2.10467
1.55692
2.23187
2.36991
1.74051
2.16334
1.99348
2.17616
2.61945
2.3758
2.3558
2.16486
1.83338
1.96021
2.09031
2.48909
2.11002
1.80842
2.36581
1.81622
2.12817
1.94957
2.70894
1.7545
2.24537
2.09256
2.12507
2.09994
1.97209
2.1578
1.79806
2.48951
2.05144
1.97249
2.14209
1.85693
2.05928
1.96162
2.14879
1.95675
1.96107
2.07499
2.03777
1.72173
2.18108
2.33559
2.02412
2.2111
2.18129
2.05087
2.35262
2.23758
2.14864
2.09939
2.1218
2.04357
2.09241
2.1376
2.23564
1.73716
2.19157
2.1889
2.15095
1.88162
2.22683
2.37035
1.84809
2.17149
2.21594
2.29069
2.35084
2.29591
2.04702
1.78067
1.81942
2.59206
2.2172
1.85238
2.58668
1.82052
2.06443
2.35003
2.09204
1.71388
2.23111
2.01058
2.44344
2.21398
2.36704
2.20925
2.28158
2.17655
1.74628
2.06982
1.80333
2.03912
2.58514
1.8867
1.94521
2.49765
2.39704
2.16108
2.17269
2.51698
2.00946
1.93527
1.75213
2.18079
2.09282
2.30316
1.92659
2.16453
2.10878
2.27588
1.81078
2.15377
2.22725
2.11633
1.86948
2.04185
2.37929
1.96024
2.15306
1.98974
1.62668
1.86745
2.08804
1.94267
1.77066
2.26167
2.23502
2.07167
2.23455
2.05428
1.69661
1.88862
2.72999
2.12281
1.84079
2.14645
2.12525
1.9961
2.31966
2.01734
2.22269
1.99131
1.93039
1.89306
2.07613
2.14552
1.90965
2.06086
2.04213
2.00347
2.13385
2.42617
2.12455
2.16116
2.17811
2.07364
2.35524
2.24489
1.93131
2.13661
1.83822
2.04534
2.68853
2.3544
1.88917
1.84555
2.16255
2.20626
1.84739
2.38513
2.18983
2.47975
2.12406
2.23934
1.69195
2.12067
2.12208
2.16477
1.96002
2.03897
1.97458
1.90946
1.95071
2.14
1.78809
2.10299
2.08691
1.9316
2.05069
2.51424
2.04911
1.97873
2.09737
2.18515
2.24407
1.89601
1.92414
2.12155
1.83355
2.16454
2.2175
2.07814
2.53988
2.35187
2.35957
2.45403
1.87114
2.15567
2.11728
2.40331
1.98454
2.16593
2.0526
1.96414
2.01373
2.1103
2.37686
2.52019
2.03619
2.16788
2.04016
1.99008
1.88818
1.88655
1.83938
1.98315
2.08958
1.76402
2.48849
2.15649
2.14355
2.3678
2.08991
2.04031
1.97631
1.8723
2.12916
1.91236
2.14855
1.71115
1.67906
1.99356
1.91076
2.12774
2.12666
1.97653
1.98821
2.27035
2.00037
1.91457
1.86777
1.98728
2.37738
2.08032
2.15939
1.91327
1.8527
2.39756
2.13904
2.18104
1.90709
1.95631
2.15692
1.54283
1.79271
2.16534
1.91579
1.83374
2.2561
1.57875
1.86283
2.2939
2.3717
2.22381
1.98504
2.30639
2.12373
1.97039
3.35075
2.29384
1.60752
2.19713
2.27327
2.27129
2.23372
1.98488
2.28902
2.08442
1.98484
2.50726
2.02055
2.20142
2.33842
2.41453
1.8971
2.85473
2.02958
2.59175
2.07332
2.13027
2.91346
2.02887
1.8223
1.61098
1.73447
1.95641
2.05851
1.83541
2.17683
2.10848
2.40583
2.29029
2.07265
2.1104
1.70782
1.9423
1.95728
1.97938
2.21667
2.15405
2.0222
2.10144
2.25213
1.85717
1.96415
2.32493
1.93939
2.1823
2.1729
2.18264
2.17019
2.06059
2.09882
2.1965
2.87097
2.07551
1.9662
2.25812
2.3107
2.07335
1.92056
2.09028
2.15237
1.96213
2.2006
1.82787
2.40974
2.11399
2.04996
1.82462
2.34454
2.14558
2.33303
2.20371
1.90597
2.35637
2.3152
2.57803
1.65418
2.02081
1.87862
2.22562
1.81548
2.1354
2.10262
2.14929
2.09409
2.00189
1.6183
2.17782
1.76242
1.95995
2.2489
2.33531
2.03128
2.09472
2.49404
2.13162
2.21812
2.11094
1.95423
2.30692
2.28798
2.23731
2.41514
1.96554
2.11697
2.4023
1.89795
2.24473
2.35887
2.50594
1.85288
2.02622
2.53676
1.73072
2.15458
2.06831
1.98349
2.20838
2.0948
2.16767
1.84302
2.32708
1.92779
2.09409
2.07436
2.03612
2.04983
2.09326
1.88563
1.95193
1.80043
2.10451
1.90162
2.06276
2.11407
1.78157
1.85869
2.14442
1.68351
2.0727
2.40958
1.95068
1.84611
2.05074
2.34036
1.96194
1.88681
2.07821
2.15413
2.06052
1.86366
2.13135
2.01078
2.11667
2.10715
2.17974
2.05867
2.29879
2.26017
2.04252
1.64377
1.98403
1.61834
1.70571
2.08642
2.34002
2.01145
2.26194
2.69735
2.15979
2.10693
1.98845
2.12557
2.13103
1.83509
2.22096
1.76771
2.01493
2.0236
1.49958
1.91061
2.10121
2.43069
2.19622
2.8256
1.84909
2.11764
1.87194
2.01911
1.94878
2.27454
2.13767
1.99801
1.84079
1.87482
2.00658
2.07573
2.0522
2.14286
2.1054
2.16823
1.79891
1.74959
2.07863
2.11041
2.31749
2.25696
1.8399
2.21391
1.98557
2.31998
1.86307
2.26567
1.93185
1.97639
1.70989
1.86771
1.88203
2.19971
1.88039
2.17305
2.2842
2.40193
2.1176
1.92348
2.03711
2.28433
2.56483
2.06763
1.95457
2.02103
1.99035
1.68425
2.09207
1.638
1.98061
2.05548
2.30782
2.61244
2.30887
1.96503
2.02509
1.99986
2.04696
1.93567
2.38699
2.04166
2.07001
2.02899
2.23963
1.92423
2.09588
2.12995
1.87511
2.48522
1.89064
2.29011
2.41317
1.95385
1.71693
1.84514
1.97457
2.27213
2.1609
2.22246
2.18988
2.59206
2.13537
1.92015
2.07853
2.04138
1.83505
1.81083
2.19325
1.93788
2.01465
2.29476
2.40161
2.02016
2.35393
2.00962
2.00746
1.9446
2.33476
2.08753
1.87811
1.79368
2.15234
2.18364
2.05646
2.44331
2.07104
2.04671
2.03244
2.11652
1.86086
1.86388
1.99572
2.07703
1.77479
1.94401
1.63244
2.05419
2.10073
2.1036
2.31203
2.07056
2.09438
2.04186
2.248
2.22754
1.90948
1.99859
2.15077
2.39212
1.87236
1.87977
1.70867
2.06683
2.01303
2.08631
1.98889
2.16378
2.1238
1.98193
1.78122
2.17044
2.07481
2.58163
1.93351
2.10354
2.42243
2.21104
2.06264
1.99275
2.06032
2.01855
2.43945
2.32688
2.27047
2.12503
1.94372
2.07268
1.7302
1.70712
2.07211
2.02067
1.84871
2.08122
1.89351
2.16981
2.47585
1.68091
2.18395
2.54148
2.3133
2.73963
2.05284
2.26404
1.96001
1.99775
2.07858
2.27895
2.33966
2.15044
2.2393
2.26074
1.79786
2.02425
2.26484
2.07178
1.57135
2.08239
2.01713
2.0933
2.2647
2.16284
2.07653
1.78392
2.03384
2.18699
2.40012
1.86775
2.25584
1.87317
1.79884
1.90452
1.936
2.09135
1.73567
2.06173
2.33773
2.01711
1.85879
2.03259
2.08508
2.29033
2.15808
2.19687
2.60273
2.36572
2.05626
2.1721
2.26703
1.739
2.27274
2.15121
2.15692
2.77188
2.096
1.77188
1.7483
2.1057
2.33501
1.95328
2.26447
2.11067
2.18961
2.06165
2.48776
1.92223
2.43781
2.75049
2.01913
2.00097
1.91509
2.08758
1.84359
2.10005
2.12858
1.76057
2.1442
2.4704
1.96165
2.17693
2.17247
2.14338
1.75617
1.84797
2.42598
2.24909
2.13556
1.98969
2.00915
2.16482
2.01303
2.72165
2.20413
2.10738
2.011
2.2359
1.97204
2.11601
2.03766
1.90139
2.18829
2.09719
2.24332
2.44919
2.16504
1.75428
1.7979
2.16202
1.95145
2.17924
1.8851
2.29891
2.21539
2.40213
1.97161
2.26291
2.24699
1.95561
2.26954
2.44318
2.25534
2.56859
1.82827
2.07813
1.98905
2.25776
1.88086
1.94732
2.12637
2.41284
1.8828
2.02927
1.80812
1.79268
2.13872
1.85447
1.90586
2.07519
2.08061
1.96613
2.88591
2.45789
2.15543
1.8309
2.05055
2.12285
2.14455
2.21837
1.9978
2.22255
1.78236
1.86788
2.60187
2.07842
2.13553
2.11018
2.05436
2.20278
2.17816
2.13241
2.41989
1.92343
2.08984
2.08781
1.92444
2.13694
1.98085
2.14345
2.26784
2.243
2.25148
2.15235
2.8592
2.41815
2.15075
2.44459
1.65578
2.36167
2.06758
2.16657
2.19678
2.08312
2.3444
1.87349
2.28472
2.08684
2.07342
2.45835
2.19867
2.0457
2.7804
2.23825
1.89544
1.90879
2.11927
1.82309
2.04092
1.56003
3.04362
1.99478
2.02668
1.85302
2.07911
1.85886
1.86292
1.98014
2.14975
2.32367
2.07671
2.45079
1.92603
2.03363
2.20436
2.20556
1.98631
2.09557
1.90205
2.05249
1.90526
2.41634
2.26943
2.40098
2.19006
1.87725
1.95484
1.92998
2.18788
2.39195
2.10512
2.24283
1.79965
1.73202
1.97229
2.12642
2.87104
1.9165
2.29645
2.12136
2.42014
1.96117
2.60999
2.02694
2.27751
1.92319
2.08719
1.8967
2.38696
1.88996
2.59676
2.25485
2.07118
2.21564
2.03649
2.24282
1.44457
2.01112
1.90434
2.06525
1.89416
2.16985
2.11335
2.85594
1.99257
2.36196
2.30647
1.82515
2.05237
2.24238
2.25323
2.12641
1.80854
2.33323
1.59414
2.02168
2.05164
2.28321
1.67711
2.01418
2.12701
1.7168
2.12099
2.14666
1.74125
2.44251
1.89679
1.90842
2.21774
1.96468
2.04506
1.96677
1.77753
2.10901
2.01435
2.15041
1.96637
2.38155
2.44788
1.97091
1.79965
2.14252
1.90971
2.06161
2.28381
1.90074
2.09706
2.36338
1.93866
2.0813
2.15186
1.87346
2.1902
1.86155
2.74665
2.27356
2.36502
2.10992
2.18221
2.28012
2.28998
1.76452
2.14286
2.02556
1.90646
2.23968
2.2641
1.94268
2.04518
1.69837
2.03581
2.00606
2.00703
1.76695
2.01856
1.83903
2.23324
2.19213
2.04307
2.14578
1.932
2.31402
2.29588
2.05912
1.76319
2.0531
2.00659
2.03979
2.2659
1.96136
2.10359
1.9459
1.96812
2.04097
2.27825
2.18501
2.02249
2.10131
2.06001
2.19109
1.96628
2.02216
1.9834
2.17441
1.93719
1.81639
2.10963
2.17481
2.08742
2.06353
1.84985
2.17381
1.88509
1.83576
2.23626
1.98484
2.20246
2.29594
2.042
1.995
1.69403
1.58193
2.32468
1.88178
1.8484
1.80032
2.16125
1.96243
1.70952
1.99246
2.07983
1.80973
2.05511
1.94656
2.42325
2.5055
2.12697
1.84935
1.96283
2.15362
2.03981
2.16129
1.68924
2.65493
1.98323
2.58822
2.41167
2.04257
2.28551
2.40168
2.06354
2.05797
1.95257
1.86531
3.05237
2.29993
2.31425
1.86377
2.03
2.16307
2.07425
1.93702
2.09115
2.12386
1.88872
2.07681
2.11404
1.84054
1.90422
1.94391
1.98275
2.04512
2.23611
2.03054
2.32003
2.2118
1.75189
2.15156
2.07184
1.95156
2.2311
1.73583
2.12307
1.93487
1.95504
2.14569
2.22394
2.06431
2.32513
2.19043
1.90118
2.37544
1.9404
2.13524
2.48767
2.07381
2.07846
1.76137
2.06668
2.23115
2.14357
1.91917
2.45497
2.31195
2.22831
1.91959
2.03073
1.87493
2.0754
2.26348
1.88509
2.62902
2.43223
2.11937
2.104
1.97338
1.96804
2.00604
1.85701
1.93689
2.2076
2.19217
2.1034
2.13784
2.34082
2.01139
1.88183
2.18981
1.95296
1.96862
2.05631
2.45198
1.59813
2.32645
2.24693
1.9377
1.96798
2.40709
2.09394
2.05171
2.19575
2.17886
2.3398
2.2309
1.95877
2.28204
2.35578
2.03994
2.07832
1.57007
1.99711
1.9611
1.71898
1.9415
1.93991
2.26516
2.27954
2.23764
2.10719
2.3868
2.41072
2.0749
1.81926
2.08199
1.99105
2.37411
2.5442
2.26831
1.93493
2.06546
1.88525
2.01732
2.09341
1.55579
2.20213
2.05958
2.0238
1.68062
2.56144
2.10474
2.42864
1.68324
2.08478
2.04835
1.89181
1.91546
2.00422
1.90246
2.37906
1.96656
2.37855
2.289
1.96748
2.22224
1.9916
2.33207
2.00935
2.15424
1.87136
2.51099
2.12079
2.37692
2.12049
1.93971
2.12324
2.02406
2.23542
1.93847
1.93839
2.18104
2.47957
1.85151
2.04606
1.91582
2.2144
1.71915
1.99033
1.96175
2.15604
1.93884
2.13661
2.47567
2.22435
2.1609
2.07364
1.94149
2.15303
1.98082
2.04075
1.91994
1.81339
1.77815
2.052
1.85409
2.10354
2.17996
2.16533
2.24204
1.97725
1.9508
2.19069
1.98727
1.79183
2.08314
1.93059
1.87734
2.4502
2.48241
2.21707
2.01737
2.067
2.05157
1.88441
2.27951
1.71969
2.07589
2.15752
1.97907
1.91047
2.43138
2.07919
2.00975
2.09773
1.98777
1.92088
2.36124
2.18357
1.97941
2.11952
2.06599
1.75915
2.02994
2.54962
1.96121
2.32751
1.83784
1.71384
2.11067
2.04259
1.82685
2.1364
1.96872
2.07101
1.86811
2.07137
1.96826
2.18648
2.01998
1.8333
2.22196
1.9044
1.96373
2.09953
1.99168
2.43016
2.42107
1.94991
1.88247
1.98356
2.27719
2.19996
2.33621
2.01568
1.79051
2.07523
1.94518
2.12604
1.96525
1.65103
1.97793
1.84924
2.07097
2.29068
2.18782
1.70873
2.00501
2.27265
1.82094
2.04109
1.86112
2.69221
1.7722
1.97681
2.10471
2.05308
1.76289
1.98624
2.37439
1.9336
2.15785
1.93719
2.25372
2.1622
2.02176
2.25451
1.65748
1.86921
2.09778
1.96369
1.99911
2.92765
2.03217
2.35198
2.04969
2.39387
2.11193
2.02324
2.25211
2.23668
2.79387
2.2824
2.08318
1.91616
1.86719
2.41162
2.16002
2.01051
2.36954
2.22667
2.05272
1.86657
1.92415
2.09518
2.17099
1.57065
1.82479
2.29295
2.1078
2.18728
1.85225
1.97586
1.92792
1.5294
1.7187
2.00706
2.77555
2.13681
1.98689
2.20221
2.08056
2.12798
2.06175
2.69127
2.33737
2.04833
2.04013
2.11778
1.84026
1.9755
1.85234
2.04427
2.50498
2.052
2.17115
1.98881
2.22371
2.02666
2.30645
2.01511
2.12464
2.14176
1.80652
1.72744
2.00124
2.33596
2.17477
2.49808
2.04868
2.2016
1.87456
2.43406
2.17264
1.90985
1.89923
2.10174
2.09125
2.41929
2.34404
2.05854
2.02993
1.77959
2.20299
2.49197
1.75834
1.86672
2.13864
2.40627
2.68479
1.90664
1.75448
1.85315
2.16972
1.93597
2.03085
2.06832
1.77525
2.05897
1.69272
2.09803
2.42591
2.029
2.05528
2.2581
1.85326
1.8762
1.74934
2.01861
1.97824
1.63126
2.02713
2.0483
2.13778
2.09837
2.0711
1.9007
1.81843
1.7458
1.82318
2.03633
2.13032
1.98599
1.85421
1.90593
2.12878
2.32366
1.75874
2.18569
1.9408
1.76886
2.16219
2.23732
2.46823
2.21928
1.72969
2.12625
2.34358
2.14472
1.85193
2.36082
1.99981
2.11641
1.71123
2.24283
1.93889
2.31502
1.805
2.23276
2.07625
2.10007
2.18843
1.81207
2.09007
1.93626
1.98135
2.40387
1.70332
1.99916
2.12069
1.84446
1.85532
2.27098
2.22124
2.03354
1.91327
2.52892
1.7153
2.04207
2.06931
2.06229
2.1239
2.67552
2.42836
2.35776
1.97819
1.77848
2.35535
2.03968
2.06384
2.01925
2.14947
1.94449
2.53652
2.03018
2.15201
2.10012
1.69993
2.19754
2.00358
1.93314
2.05686
2.26872
2.09501
1.7176
1.89347
2.10812
2.06952
2.2231
2.30594
1.79677
1.91977
2.48098
2.11363
2.25639
1.91501
2.15147
1.99589
2.03382
2.17566
2.24452
2.16548
2.45123
1.83361
2.34171
2.05714
2.50377
2.01163
2.44812
2.15404
1.8515
2.02145
2.08725
2.29169
2.00983
1.74465
2.17205
2.26243
2.13721
2.11107
2.06199
2.22799
2.15508
1.8604
2.27537
1.8473
2.21296
2.20879
2.18583
2.38504
2.13355
2.06006
1.86263
1.893
1.94628
1.91302
2.21814
2.02781
2.09664
1.92741
3.02548
2.05114
2.05976
2.09641
1.89855
1.66572
2.30861
2.22778
2.26616
1.91919
1.93527
1.83625
1.71268
2.03499
2.20554
1.78103
1.94178
1.92581
2.25357
1.80597
1.94383
2.09187
2.38487
1.97137
2.04494
2.27
1.89877
2.33034
1.94695
1.64212
1.98002
2.01646
2.14036
2.62653
2.2582
2.02952
1.78327
1.67841
2.20146
2.61649
2.1836
2.21155
1.89338
2.10853
2.25495
1.72501
2.09075
2.29861
2.36492
2.17845
2.01461
1.88742
1.97199
2.14847
2.34413
2.10069
1.86759
2.02105
2.02916
1.78824
1.8476
2.11834
1.76649
1.78071
1.559
1.349
2.06883
2.02905
2.15346
2.04861
2.02311
1.98126
2.19501
2.16296
2.03263
2.22561
1.84793
2.0178
2.16153
2.0933
1.8536
1.87781
2.12518
2.10195
2.24245
2.26071
1.97504
1.92936
2.08738
1.86854
2.05565
1.77321
1.82729
2.12768
2.03154
1.92773
1.61863
1.91571
2.45428
2.00568
1.9809
2.07345
1.79878
1.80063
1.75427
1.93854
2.03091
2.15879
2.14844
1.8854
2.0782
1.98959
2.13896
2.4921
1.89276
2.67066
2.14357
2.19781
2.65081
2.03662
2.03885
1.8393
2.12172
2.02524
2.13699
2.0924
2.17379
2.07531
2.04856
2.04689
2.31946
2.07822
2.04337
2.12408
1.9967
2.30162
2.28066
1.80164
2.06104
1.96943
2.20249
2.08526
2.14508
1.79668
2.32982
2.02468
2.01227
2.25249
2.40702
2.00486
2.19188
1.7651
2.23682
1.85061
2.16845
2.28341
2.03566
1.6671
2.13029
2.40244
1.94138
2.3918
2.6096
1.72999
1.92175
2.09146
1.76932
2.06568
1.92659
1.76995
2.04327
1.85618
2.00988
1.97845
1.49132
2.60921
2.25035
2.6813
2.12969
2.02456
2.0082
2.21847
1.94251
2.3794
2.04957
2.16561
2.26026
2.26295
1.89703
2.03898
2.28121
2.0037
2.25616
2.16719
2.12466
2.21926
1.89935
2.01178
2.09567
2.13414
2.05078
1.94262
1.66857
2.00729
2.33093
1.90743
2.38455
2.35303
1.9265
2.00537
2.46745
2.11193
2.08605
1.52037
2.44831
2.07681
2.20267
2.07495
1.9216
2.12168
1.99846
2.12259
2.11739
2.05393
1.80348
1.69803
1.85252
1.92696
1.83068
2.13447
2.1557
2.098
1.2986
2.03788
1.97377
2.01333
2.45915
1.9775
2.14094
2.24755
2.21354
2.15427
2.46903
1.9967
2.14722
1.95575
1.61114
2.02102
2.20295
2.34941
2.25475
2.29854
2.34614
2.00166
2.2427
1.96501
1.93471
1.86332
1.99477
2.53356
2.33356
2.41027
2.47643
2.10717
2.22166
1.87835
1.94803
2.49181
2.68145
1.96191
1.9808
2.44499
2.06071
2.13953
2.13858
2.81455
2.1857
2.07864
1.73455
1.8645
2.1033
1.71527
2.77582
2.12295
2.49127
1.98491
2.44728
2.10969
2.07609
2.38108
2.10845
1.93186
2.09658
2.04986
2.06466
1.93746
2.30179
1.91642
1.9402
2.12355
1.86477
1.89405
1.60439
1.8509
2.03854
2.16108
2.08613
2.13122
2.32293
1.94624
2.12755
1.93943
2.33057
2.81986
1.65792
2.02412
1.79133
2.31245
2.12287
2.00324
2.1508
2.10303
1.74433
2.04357
1.9854
2.07126
2.05384
2.10406
2.12334
2.14764
2.002
2.23302
2.02701
1.95249
2.10712
2.08935
2.0914
1.71096
1.60983
1.8755
1.8876
1.99555
2.21889
2.03146
2.17317
1.62362
2.15399
2.08654
1.93867
1.69585
1.67502
1.79505
1.93816
2.07806
2.05853
1.67875
2.0174
2.12749
1.96784
1.97664
1.93133
1.87219
1.85629
1.8125
2.3445
1.9843
2.23235
2.22549
2.00856
2.16887
1.95519
1.80208
1.78334
1.84225
2.17422
1.91062
2.0412
2.25501
1.81071
2.21225
2.04701
1.75346
2.0439
2.13204
2.13706
2.3058
2.47164
2.10253
2.31962
2.08456
2.05584
1.60877
2.18176
1.90499
2.07062
2.27234
2.28392
2.21071
2.2189
2.16364
2.0467
2.10955
1.71562
2.38338
1.92507
1.68927
1.79891
2.68552
2.49078
2.05646
1.99641
2.0267
2.01565
1.93206
2.06475
1.93232
1.79961
2.07692
1.85356
1.89849
2.12142
2.25254
2.33018
2.56082
2.1171
1.68348
2.08647
2.52793
1.86988
2.0802
2.03294
2.06618
1.79281
2.1939
1.71325
1.89581
2.05241
2.07332
2.05792
2.11583
2.18256
1.81564
1.99729
2.16887
2.6128
1.6807
2.324
1.92525
2.19199
1.91587
1.96998
2.18535
1.96948
2.08047
2.09484
2.31036
1.84915
2.33556
2.10414
1.66563
1.99514
2.02183
2.21745
2.04113
2.07627
1.94648
1.95516
1.86913
1.8788
2.0193
2.42703
1.93561
2.39861
2.34313
2.23752
2.16013
2.22008
2.20067
1.80786
2.18699
1.78635
1.82659
2.27395
1.66035
1.88184
1.77056
2.01063
1.90335
2.26292
2.01338
2.48546
2.10442
2.20714
1.90043
2.18513
1.96464
2.11386
2.09469
2.04096
1.84344
1.85008
1.90369
2.17447
1.91062
2.4328
1.83545
2.01694
2.8091
2.07254
2.01752
2.19584
1.88389
1.98772
2.05477
1.74377
2.14092
2.33898
2.15446
2.06897
2.04497
1.83548
1.94251
2.3037
2.10837
1.99478
1.76325
2.01758
1.83849
2.49455
1.85
2.05813
1.93173
2.01475
1.8819
1.80546
2.42931
2.34657
1.86617
1.84919
1.85347
2.00602
1.93743
1.87731
2.42986
1.9058
2.11724
1.93976
2.18916
1.83578
1.82593
2.92139
1.55568
2.04054
1.76367
2.3767
2.06749
2.18203
2.06073
1.72136
2.04216
2.06601
1.80251
2.16242
2.01449
2.28241
2.10332
2.07328
2.47292
1.92816
1.85498
1.88726
2.24441
1.72845
2.03227
1.99328
1.94981
1.81776
2.47421
2.35331
1.87561
2.0983
1.84058
1.80743
1.59719
2.06414
1.9513
2.22906
1.91042
1.70838
2.492
2.44134
2.20318
1.87735
2.01267
2.00387
1.9886
2.0419
2.27158
2.22519
2.09686
2.00592
2.17358
1.80648
1.75595
2.137
2.13604
2.02366
1.97474
2.57679
1.8864
2.08595
2.22275
2.24833
2.14732
2.20445
1.73637
1.95274
2.27886
1.95673
2.31402
1.8854
2.10002
2.10906
2.34658
2.10869
2.05784
2.16424
1.90412
2.59963
2.04753
2.18763
1.96833
2.29622
2.16955
2.41675
2.03725
2.2733
2.21888
1.54757
2.14912
2.14902
2.19844
2.3423
2.18888
2.15013
2.23147
1.88816
2.11549
2.25622
2.33364
2.03414
1.92934
2.40182
2.02245
1.85381
1.94307
2.01437
2.13025
2.18615
1.83303
2.25904
2.34137
2.08219
1.82539
2.29925
2.0098
2.08031
1.96293
1.86539
1.60606
2.09164
2.26272
1.99653
2.04238
2.46973
1.9599
2.11507
2.37418
1.66378
2.24586
1.88341
1.88396
1.97414
2.16205
1.9892
1.95543
1.72852
1.79487
2.01556
2.10035
2.12955
2.12485
2.25578
2.13437
2.04739
1.92502
1.90027
2.01524
2.1619
2.08036
1.84683
2.34657
2.26819
1.77351
2.13739
2.23705
2.07891
1.7895
2.10781
2.21447
1.85372
2.32791
2.07797
2.02365
2.18124
2.08523
2.10659
2.03724
1.85175
1.96103
2.35907
2.11563
1.89889
2.19526
2.34326
2.34891
2.1494
1.90669
2.04314
1.78396
2.98298
2.49112
1.79952
2.03521
2.12089
1.90918
2.28725
2.04503
1.95987
2.03938
2.35907
2.1431
2.13029
2.40261
1.82745
2.04075
2.38465
2.28122
1.69126
2.20632
1.95926
2.24431
2.31461
2.24125
2.1632
2.07272
2.00392
2.3165
2.01782
2.16097
2.21593
2.11379
2.12716
2.31619
1.87433
1.98686
2.17942
1.77103
1.84906
2.42495
2.17104
2.19986
1.99464
2.14668
2.04014
2.56596
1.93044
2.121
1.94174
2.79898
2.63287
2.21798
1.94619
2.04563
1.90559
1.85128
2.54223
1.88427
2.12166
1.90017
2.04327
1.93854
1.92713
1.96269
2.13584
2.05796
2.17418
2.05791
1.94232
2.03199
1.95735
1.95834
2.29998
1.96018
2.35469
2.0381
2.12608
2.42693
2.22154
2.01325
1.82446
2.02521
1.92174
2.3257
1.60602
1.96156
2.1052
2.0689
1.72709
2.16401
2.23831
2.25104
1.33886
2.32144
1.62238
2.31642
1.81516
2.09578
1.97216
1.62638
3.0262
1.82751
1.70156
2.05824
1.87047
1.96119
1.97964
2.19657
2.00099
1.96557
2.3653
2.31775
2.49598
1.98796
2.13533
1.7558
1.75521
2.22038
1.84264
2.08834
2.28663
1.91841
2.09031
2.51674
2.18063
2.23932
1.95373
2.08544
2.00824
1.83091
2.04983
1.88672
2.14058
2.16101
2.09113
1.77926
2.32281
1.97389
1.77963
2.19677
2.31297
2.0367
1.68445
2.00624
1.86999
2.17793
2.33274
2.12788
2.1231
2.11965
1.68904
2.09288
1.96759
2.24797
1.84704
2.13367
2.13513
1.66542
2.16778
1.9968
1.96618
1.96265
2.23585
2.0404
2.06959
1.62038
2.23788
2.19712
2.14298
1.98102
1.85444
1.66816
2.12841
2.00665
2.12176
1.855
2.52135
2.21571
2.07928
1.80935
2.00119
1.97606
1.95586
2.16259
1.70712
2.13033
2.18
2.01149
1.58334
2.11783
2.13026
1.58024
2.60603
2.13823
1.84592
1.85954
2.06434
1.72769
2.01366
2.14386
1.87232
2.00445
1.96327
2.3803
1.6338
1.74722
2.29794
2.01382
2.47845
1.80873
1.93433
2.33505
1.98472
1.87896
1.60574
1.88688
2.467
2.02098
2.00453
1.66541
2.02987
2.13331
1.77138
1.47727
1.8117
1.91806
2.32529
1.86368
1.82218
1.93262
1.6036
2.16648
2.04848
1.85008
2.63381
2.24254
1.80231
2.16077
1.69953
2.04226
2.02951
1.92848
2.11281
1.96435
2.09685
2.14622
2.19234
2.0534
2.87559
2.00871
1.93182
2.04614
1.90896
2.16296
2.5449
1.81544
2.17242
2.3154
1.89041
1.86601
2.43872
1.89816
2.16177
1.66096
1.76456
2.13251
1.97044
1.97248
2.23773
2.01716
1.73958
2.02055
2.19997
2.04019
1.97906
2.34804
1.81192
2.3469
1.78192
2.21306
1.58279
2.0368
1.8582
1.76667
2.04393
2.07118
1.96705
2.25593
2.04513
2.13787
1.48618
2.22876
1.86202
1.81904
2.12168
2.01736
1.89246
1.69842
2.13802
1.63944
1.86445
2.01938
1.88418
2.09092
2.04809
2.28221
2.03057
2.00751
1.74584
1.65265
1.87102
1.49809
1.56223
1.90633
1.78991
1.26009
1.96643
2.15739
2.25066
2.14659
1.89951
2.15934
1.48364
2.15075
2.05287
1.77859
2.49242
2.01322
1.92245
2.05223
2.18219
1.99574
2.10998
1.96562
2.12126
1.85385
1.9687
1.7444
1.73319
1.92372
2.11575
2.172
2.21344
1.84374
1.77489
1.94814
2.29008
2.34606
1.88534
2.10606
2.01253
1.97823
1.99661
1.59702
2.26369
2.25929
2.1484
2.12156
1.82939
2.06453
2.03062
1.97326
2.12689
2.29275
2.11924
1.64329
2.06318
1.96608
2.13712
1.86682
1.72178
2.09475
2.06322
1.61456
1.87608
2.16595
2.31068
1.99932
2.00713
1.87093
1.83247
1.64333
1.98312
2.01426
1.91297
2.26947
1.66776
1.74481
2.33848
2.12341
2.16343
1.79785
2.08279
2.19032
1.8708
2.05605
2.05539
2.07282
1.37286
2.02746
1.9197
1.94002
1.95651
2.27405
2.06473
2.04807
2.20628
1.65946
2.07964
2.33836
2.09624
2.2823
2.02925
1.98056
1.89589
1.97312
1.97554
1.8054
1.76526
2.15677
1.84478
2.3635
1.48954
2.08827
2.24436
1.66798
1.75525
1.94377
2.05976
2.04606
2.09114
1.8232
1.97829
1.99754
2.20338
2.43842
2.10554
1.85674
1.93933
2.24781
1.97236
1.9034
1.90988
1.74213
2.07721
1.99275
2.14985
1.99015
2.21658
2.05884
1.93151
2.00666
1.67247
2.17229
2.11143
2.38015
1.91928
1.9972
2.213
1.82045
1.98472
1.83773
2.31705
2.26027
2.1464
2.08309
2.01142
2.48743
1.93944
2.25945
2.31319
2.04761
1.98273
2.19358
1.58561
1.56734
2.3282
2.24959
2.01917
1.77958
2.02767
2.27697
2.02243
1.83195
1.81241
1.91313
2.39654
2.12337
2.32444
2.03277
2.15631
2.18107
1.59926
2.0701
1.9953
2.17126
2.10945
2.26195
2.09486
2.18482
2.14399
2.07026
2.59813
2.12232
2.00528
1.76766
2.54282
2.11095
1.9676
2.14772
2.11578
2.14538
2.15356
2.01301
1.89586
1.90258
1.85116
2.00368
2.64235
2.04304
2.13923
2.07165
2.15708
1.73024
2.07039
2.29924
1.97639
1.93215
2.10172
1.92964
1.82039
2.13252
3.20304
1.96234
2.53519
2.22495
2.6176
1.91421
2.03727
2.02016
2.06956
2.06244
2.15938
2.16068
2.00002
2.043
2.07419
2.18006
1.93235
2.01986
2.06154
2.252
2.10519
1.91904
2.02009
1.93171
1.84145
1.76957
2.27969
2.05608
2.14038
2.09733
2.14978
1.8048
1.70173
1.63742
1.78496
2.23058
1.83915
1.89528
2.01238
2.2557
2.08194
1.80782
2.11311
2.17286
1.9581
2.23447
1.85352
1.75515
1.87027
2.03652
2.02872
1.95911
2.34232
1.88044
1.83417
2.04287
2.055
1.98329
2.16905
2.07343
2.02488
1.89973
1.86451
1.55907
1.7024
1.68443
2.20432
2.01429
2.53431
2.12317
2.05108
1.96716
1.96858
1.69509
3.06712
1.9663
1.97431
2.1309
1.98289
1.9107
2.29642
1.74175
2.04214
1.74631
1.90412
2.11472
1.90125
1.94396
2.25782
1.97077
1.9179
2.18213
1.89886
1.99646
2.74365
1.92446
2.12399
1.99477
1.92116
2.52107
2.02355
2.17887
1.68373
2.19118
1.94993
1.98379
1.87103
2.10959
2.52857
2.07891
2.16373
1.81021
2.15079
1.89062
2.04739
2.04385
2.27193
1.87909
2.11406
2.21372
2.73386
2.08443
1.81505
1.72402
2.27826
1.95029
2.25049
1.97602
2.0647
2.09699
2.23466
2.02109
2.11333
1.78196
2.29335
1.71555
1.71685
2.0171
2.33965
2.09454
2.12023
1.7771
1.97483
2.3382
2.09132
2.17782
1.89019
2.01459
1.99252
1.67546
2.07195
1.92446
1.79578
1.90018
1.74536
2.15093
2.64497
1.88045
2.21144
1.92755
2.24609
2.12471
2.27865
2.18516
2.08689
1.68191
1.9915
2.358
1.89109
2.1264
2.05023
1.64208
1.80415
2.27422
2.13572
1.79272
2.26452
2.10787
2.13204
1.90721
1.76559
1.94568
2.32758
2.4513
2.02219
2.00269
2.12664
2.02084
1.67677
1.99511
1.90919
2.03269
2.00128
1.867
2.14742
2.14703
2.00341
1.95012
1.99753
1.52187
1.61273
2.39878
2.27675
2.09224
2.52711
1.98043
2.18627
1.91505
2.26525
2.12876
1.91376
2.05248
1.78743
2.11292
2.1251
2.21242
2.17552
1.69313
1.94243
1.85277
2.44907
2.17373
1.97451
1.80529
1.81325
2.00421
2.06463
2.11732
1.79665
2.11375
2.03694
1.8922
2.02217
1.86757
1.86612
1.79628
1.99902
2.04469
2.42755
1.8387
2.03504
2.03115
2.43953
1.95752
2.17952
1.54624
1.81691
2.15025
2.06567
1.9029
1.99023
1.8166
2.09513
2.19977
1.63488
2.02766
1.91048
1.74253
2.04793
1.9741
2.09709
2.18652
2.0466
2.6535
1.84159
2.10959
1.86974
1.91437
2.22558
2.07278
1.88693
1.99025
2.05031
2.28421
2.03641
1.7246
2.05286
2.26713
1.6008
1.92804
2.01036
2.08006
2.05996
1.6687
2.43382
2.27069
1.73523
1.95317
2.21748
1.98877
1.9099
1.98736
1.8003
1.91651
2.22408
2.29744
2.68025
2.39267
2.23844
1.81666
2.25004
2.14459
2.04972
2.04785
1.98818
2.15368
1.52544
2.29405
2.18378
1.80204
1.65875
2.19935
1.65525
2.08495
2.03805
2.10972
2.12582
1.87998
1.89584
1.88383
2.06485
2.02653
1.76913
2.0579
2.02613
1.66963
2.32734
1.97463
2.23441
2.14055
2.33003
2.08078
2.01709
2.12692
2.0734
2.15636
1.84812
2.26544
2.31247
2.24977
2.01357
1.67494
2.14522
2.26215
1.80816
2.28982
2.06784
1.80349
2.05731
2.19634
2.00934
1.83835
2.06571
1.98558
1.86082
1.67543
2.24472
1.97184
2.08408
2.08854
2.04958
1.73338
1.96493
2.29723
1.99107
2.21442
1.99145
2.52877
2.01975
2.3846
1.91184
2.08601
2.11303
1.98974
1.78714
2.33493
1.83042
1.97592
1.2497
2.00234
2.1994
2.29345
1.62692
1.84637
2.07008
2.48479
2.22325
2.30331
2.11605
1.74682
2.08526
1.91413
2.04952
2.25564
1.7479
2.4066
1.64571
2.05451
1.8221
2.50429
1.70258
1.98594
2.17415
2.05979
2.00303
1.9455
2.16721
1.68625
2.33472
2.01397
1.92101
2.00408
1.98631
1.76193
1.95601
1.80764
1.92616
1.87473
2.02798
1.94848
1.67019
1.96662
2.00866
2.1262
1.8684
2.20914
2.15647
2.28935
2.13748
2.1056
2.1062
2.07008
1.97652
2.08984
2.08874
2.04082
2.15022
1.62615
2.16126
1.95596
1.87452
2.1728
2.32537
1.7331
2.04693
2.04237
2.16973
2.22707
2.19768
1.97991
1.6289
1.5104
2.29537
2.17988
1.81825
2.4727
2.03511
1.86727
2.00436
2.25629
1.57444
2.21734
1.93351
2.24103
2.15109
2.23345
2.12948
2.12121
2.21788
2.15996
1.6524
1.66038
1.90906
2.41666
1.84173
1.7674
2.23771
2.18451
2.0486
2.10078
2.09994
2.34616
1.88158
1.67141
2.08164
2.01451
2.23765
1.89234
2.08503
1.98623
2.0372
2.19146
1.75189
2.20005
2.06285
1.81285
1.95545
2.29712
1.87817
2.10742
2.01511
1.97162
1.57324
1.72247
1.82021
1.75187
2.18777
2.18671
2.02313
2.01399
1.99279
2.02555
1.69067
1.85179
2.61677
1.76545
2.05574
2.11416
1.83097
2.2812
1.97065
2.14829
1.99972
1.97706
1.73635
1.84807
2.01299
1.83592
1.96758
1.7123
1.91133
2.13856
2.37472
2.06767
2.01427
2.06452
2.05848
2.3333
2.16198
1.89302
2.06914
1.7464
2.00826
2.57267
2.03879
2.20843
1.85044
1.79219
2.14147
1.79689
2.26122
2.16858
2.31129
2.01191
2.20375
2.00999
1.65195
1.99473
2.05064
1.93816
1.98413
1.94444
1.83882
1.82443
2.10112
1.63696
2.05771
2.01441
1.98643
1.88296
2.46649
1.9948
1.84984
2.1031
2.09695
2.1678
1.78962
2.04545
1.94051
2.0664
1.83704
2.15204
2.02567
2.40166
2.22745
2.33184
2.38845
1.76469
2.15207
2.14458
2.09805
2.41264
2.10426
1.94939
1.8987
1.94617
2.12208
2.33714
2.37666
2.01308
2.01578
2.06953
2.00639
1.82443
1.83495
1.70736
1.83109
2.1262
1.61292
2.24432
2.08118
2.11324
2.06192
2.31842
1.95377
1.85699
1.8184
2.01743
1.90482
2.16153
1.71398
1.99667
1.61137
1.82396
1.86797
2.06314
1.96644
1.88484
2.19289
1.91764
1.85189
1.78409
1.97832
1.81352
2.27881
2.00551
1.88338
1.84342
2.32525
2.1852
2.13007
1.84496
1.82008
1.97594
2.08785
1.46659
1.7447
1.78516
1.76368
2.1741
1.46694
1.76211
2.25176
2.28573
2.08999
2.19072
1.88257
2.30109
1.86873
2.24506
2.26762
1.58224
2.16986
2.21829
2.17105
2.14215
2.14735
1.73295
2.02635
1.92685
2.43318
1.982
2.108
2.24634
2.23166
1.86673
2.10268
2.75895
1.98005
2.64938
2.0429
2.71848
1.98727
1.70006
1.50936
1.71948
1.87247
2.12393
1.98962
1.80111
2.08169
2.26861
2.27463
2.0289
2.08072
1.55176
1.76226
1.90172
2.03849
1.86626
2.24067
2.07341
2.0416
2.21439
2.00259
1.86673
2.08415
1.8911
2.04285
1.9894
2.00868
2.10055
2.14355
2.04206
2.09709
2.62903
1.96857
1.95699
2.18533
2.24867
1.98157
2.04307
1.84783
1.99704
1.9432
2.18447
1.77852
2.36092
2.05014
1.97864
1.739
1.94435
2.35064
2.07531
2.2603
1.71575
2.29565
2.15499
2.41154
1.61851
2.0075
1.85679
1.95879
2.2147
1.78204
2.05304
2.07205
2.01964
1.94956
1.51497
2.08065
1.68813
1.91028
2.22975
2.17769
2.14011
2.02144
2.42418
2.03416
2.11617
2.02751
1.8338
2.22431
2.06274
2.07187
2.21789
2.24079
1.85108
2.29055
1.79185
2.21934
2.11336
2.32429
1.79463
2.00249
2.03087
2.41396
1.6619
2.13966
1.93092
2.10756
2.02426
2.08148
1.75159
2.27073
1.93507
2.12432
2.09076
2.01603
2.00038
1.91941
1.85798
1.88415
1.73744
2.01437
1.79151
1.97474
1.98671
2.03021
1.71451
1.82986
1.65556
1.94996
2.42409
1.85469
1.82628
2.01569
2.31528
1.96922
1.88744
1.78925
2.0663
1.97642
1.87419
2.1228
1.93524
2.10475
2.02361
2.08864
2.01137
1.97409
2.25249
2.16024
1.63896
1.96082
1.47336
1.62094
1.99544
2.30057
1.96402
2.08949
2.23442
2.68237
2.04625
1.78504
2.11037
2.08446
1.79719
2.04182
1.68241
1.87336
2.08875
1.98806
1.09088
1.84361
2.36642
2.14327
2.70001
1.80086
2.08198
1.83231
1.90604
1.93662
1.87844
2.22935
2.07544
1.7511
1.59754
1.91709
1.89071
1.96819
2.09744
1.93808
2.08154
2.12607
1.63338
1.69534
2.09851
2.21851
2.20181
1.76346
2.07259
1.95509
2.22136
2.07142
1.80608
2.19924
1.91625
1.56658
1.79051
1.78387
2.17313
1.85882
2.03163
2.2707
2.00342
2.33523
2.06811
1.81864
2.26901
2.46727
1.9782
1.89808
1.92028
1.92474
1.57347
1.99671
1.93301
1.5071
1.87187
2.17986
2.4425
2.20688
1.9218
1.99979
1.97666
2.02664
1.87547
1.84718
2.32038
1.96808
1.95523
2.23039
1.88439
2.02158
2.09802
1.77467
2.04353
1.93834
1.83103
2.12547
2.29469
1.69197
1.80403
1.97707
2.10689
2.17612
2.02811
2.0348
2.09653
2.54651
2.11238
1.86708
1.936
1.80026
1.79686
2.11175
1.90152
1.88008
2.28166
1.93731
2.20193
1.98153
2.16528
1.85584
1.87092
2.23073
2.10389
1.81178
1.76728
2.08704
1.94651
2.13845
1.96748
2.39711
1.89535
1.91468
1.99675
1.8565
1.68599
1.95098
2.02104
1.96604
1.7018
1.90348
1.583
2.04691
2.06829
2.13105
1.98125
2.07346
2.06293
2.20154
2.00895
2.09733
1.7937
1.96204
2.2951
1.85127
1.81098
1.73628
1.91581
1.95694
1.94616
1.97866
1.86932
2.11419
2.12973
1.58115
2.14601
2.01398
2.4571
1.77191
2.00013
2.28272
1.99502
2.12891
1.94278
1.8709
1.99644
2.40989
2.25177
2.21344
2.0903
1.87664
2.03497
2.05891
1.70861
1.60784
1.94081
1.83444
2.0824
1.86691
2.15645
2.3453
1.64291
2.17139
1.9173
2.45658
2.27404
2.64084
2.21406
1.9074
1.73694
2.00447
2.19183
2.24461
2.10794
2.07339
2.08002
2.14229
1.75746
2.12719
2.01927
1.5043
2.04042
1.99424
2.0346
2.18186
1.91433
2.06253
2.10674
1.66381
2.17398
2.25693
1.79671
2.09792
1.79862
1.74953
1.8577
2.0125
1.90101
1.96718
1.70365
2.21852
1.95243
1.78305
1.94603
2.0446
2.27943
2.07595
1.85871
2.12755
2.41099
2.32738
2.14342
2.19482
1.73033
2.13507
2.07703
2.08558
2.75294
2.07402
2.0403
1.71485
1.71069
2.33516
1.83722
2.20382
1.94408
2.11656
1.93784
2.53232
2.05426
1.7711
2.30851
2.59969
1.96336
1.87814
2.01734
1.86379
2.03939
2.06317
1.50328
2.01682
2.04817
2.31466
1.88089
2.13498
2.03567
1.70834
1.80802
2.23508
2.24028
2.01501
1.97114
2.01106
1.94159
2.14894
2.62288
2.11391
2.02035
1.98438
2.13847
1.86007
2.05459
1.95196
1.95857
1.7385
2.13144
2.19874
2.09587
2.07938
1.74948
1.76912
2.09778
1.87246
2.01364
1.81741
1.80161
2.2025
2.37523
1.88157
2.21856
2.11021
1.86775
2.18607
2.24275
1.99216
2.17218
2.49777
1.82862
1.94368
2.03943
1.86882
1.87611
2.06489
2.31132
1.73807
1.99387
1.93956
1.76803
1.58219
1.81714
1.94208
2.08592
2.10863
1.86892
2.83612
2.39536
2.07348
2.10337
1.76377
1.90297
1.99421
2.11696
1.82483
2.17439
1.78508
1.7615
2.56552
2.07054
2.08225
2.04655
2.05649
2.12945
2.17673
2.07046
2.336
1.95107
2.09973
1.7604
2.07865
1.68677
2.09272
1.95019
2.2099
2.17485
2.20788
2.13277
2.7098
2.29467
2.13672
2.11389
2.29274
1.44697
2.23313
2.09356
2.14925
1.97662
2.29995
1.80791
2.25426
1.98351
1.93836
2.01439
2.40644
2.16498
2.3506
2.23174
1.79889
1.85562
2.01543
1.73336
1.97503
2.02432
1.51431
2.71649
1.90431
1.82274
1.90679
1.78358
1.82334
1.96008
2.14303
2.20968
2.05406
2.07242
2.29745
1.90088
2.15087
2.11522
1.95727
2.07856
1.71922
1.95658
1.90741
2.01258
2.34492
2.18372
2.33625
1.72296
1.95083
1.86319
2.09473
2.32299
1.98912
2.11083
1.93011
1.70685
1.69765
1.81676
2.6686
1.90121
2.31549
2.04043
2.21837
1.94609
2.47959
2.00508
1.94724
2.25618
1.85681
1.83623
2.38455
1.80346
2.61656
2.20488
2.06252
2.2124
2.19394
2.05475
2.21042
1.15557
1.90445
2.0261
1.7525
2.11279
2.0914
2.60507
1.93175
2.10342
2.24019
2.30301
1.75842
2.27059
2.21963
2.04624
1.76616
2.31903
1.4439
1.97439
2.06781
2.03791
2.21493
1.63951
2.06693
1.65653
2.00326
2.11307
1.66927
2.35377
1.87991
1.97244
1.90445
2.19766
1.83031
1.88638
1.76174
2.03101
1.98164
2.10158
1.877
2.17586
2.0531
2.39082
1.93108
1.53138
1.71331
2.07325
2.21445
1.8537
2.10853
2.20692
1.96465
1.94043
2.05382
2.10616
1.76082
1.8146
2.57509
2.12956
2.33421
1.94215
2.13365
2.22258
1.95772
2.28975
1.65183
2.11902
1.95714
2.17825
2.19157
1.89171
2.08297
1.6497
1.99436
2.07751
1.93358
1.94337
1.85654
1.81018
2.20528
2.10475
2.06214
2.05941
1.85344
2.25487
2.08717
2.27687
1.93859
1.75297
1.96469
1.97772
2.18829
1.8895
2.13348
1.86261
1.90036
2.03046
2.06608
2.14258
2.13719
2.02789
2.02731
2.11351
1.86622
1.99708
1.96101
2.10044
2.03724
1.87507
1.73795
2.03546
2.00242
2.06154
1.77212
2.10613
1.76839
1.75916
2.28849
1.90265
1.91168
2.18541
2.21347
2.02522
1.61638
1.46924
2.31611
1.85154
1.7119
1.55042
2.02975
2.14911
1.90931
1.59894
2.09498
1.80696
1.99904
1.88281
2.49207
2.43917
2.134
2.09873
1.82799
1.91673
2.13264
2.14226
1.67317
2.45824
1.98476
2.52407
2.37765
2.04508
1.93447
2.21742
2.23169
2.00477
1.94536
1.81757
2.86133
2.17798
2.04751
1.9216
2.03234
1.92311
2.13063
1.99512
1.88602
2.13918
1.89327
1.9805
2.0131
1.71304
1.87805
1.90053
1.96782
2.00168
2.00026
2.15087
2.2502
2.1926
1.67801
2.06944
2.07334
1.8223
2.10044
2.06232
1.53555
2.06038
1.94266
2.09175
2.14467
1.9807
2.25564
2.19258
1.83171
2.36447
1.96123
1.85707
2.07235
2.4261
2.07068
1.67006
2.00951
2.13531
2.10325
1.84613
2.39605
2.03021
2.22581
2.18858
1.72348
1.71768
1.99558
2.22212
1.78484
2.50519
2.39675
2.04433
1.86255
2.05571
1.81971
1.93716
1.80977
1.80851
2.21935
2.21901
2.04914
2.09741
2.24303
1.95632
1.95517
1.83702
2.12671
1.93025
1.99039
2.46402
1.54378
2.27748
2.19792
1.96165
1.98799
1.91379
2.39372
2.0243
2.05336
2.17161
2.05583
2.15899
1.81667
2.24966
2.29884
1.95029
1.7589
2.02897
1.49429
1.94558
1.5025
1.89833
1.89901
2.23625
2.24132
2.24418
1.88619
2.11752
2.34521
2.39757
1.74629
2.05645
1.98454
2.23404
2.41929
2.19341
1.88605
1.95421
2.03314
1.77258
1.95914
1.44037
2.13426
1.75483
2.0357
1.48277
2.56517
2.11681
2.05561
2.22177
1.53969
2.04097
1.85065
1.89378
1.98491
1.83037
2.32796
1.92179
2.30352
1.91673
2.17954
1.94239
2.17752
2.28082
1.97121
2.06707
1.77543
2.2516
2.04907
2.31703
2.03085
2.07573
1.88355
1.96591
2.20413
1.91486
1.86593
2.16079
2.4203
1.82994
1.81442
2.07416
1.88181
2.16438
1.70292
1.88541
2.15288
1.91083
2.11934
2.41598
2.1641
2.0093
1.95131
1.91724
1.65031
2.14209
1.98603
1.90021
1.6715
1.74838
2.04175
1.84392
2.04821
1.83807
2.15387
2.12063
2.1386
1.64916
2.01573
1.95123
1.61892
1.98511
1.78014
1.79916
1.9769
2.38635
2.44041
2.18805
1.9933
2.02489
1.86858
2.2362
1.69937
2.0099
1.99518
1.93479
1.87015
1.795
2.23899
1.99138
2.05132
1.93914
1.82184
2.36887
2.14316
1.85416
1.91824
2.01357
2.05631
1.63514
2.45523
1.91134
2.2495
1.81191
1.6183
1.9794
1.92005
1.9315
1.70958
2.0681
1.91677
1.77845
2.04581
1.92422
2.19001
1.97216
1.79791
2.15988
2.04989
1.86366
1.85577
2.07627
2.36389
2.23115
1.91135
1.80157
1.95283
2.25489
2.15526
2.04174
2.31193
1.99674
1.74436
1.73949
2.0852
1.90268
1.61457
1.9028
1.81404
2.03069
2.03821
2.28272
2.00355
1.69398
2.27341
1.77558
1.99125
1.74504
2.6402
1.75852
1.91403
1.97762
1.9812
1.97934
1.74644
2.24488
1.87679
2.07125
1.9671
2.22437
2.09799
1.95672
1.93043
2.16512
1.5496
1.85771
1.9604
1.89748
2.73083
1.9581
2.31448
1.96267
2.31816
1.99441
2.08708
1.96897
2.23318
2.73632
2.28885
2.04083
1.84276
1.78977
2.43044
2.11061
1.9046
1.97221
2.31683
2.16115
1.81398
1.9223
2.00708
2.18414
1.15635
1.7272
2.05466
1.96919
2.06021
2.14659
1.78476
1.90353
1.43096
1.68523
1.93757
2.52705
2.05749
1.96897
2.29228
2.11379
2.06015
2.05671
2.63279
2.30456
1.98589
2.03722
2.11869
1.82937
1.91133
2.07507
1.80261
1.93828
2.33609
2.17862
1.81062
2.12802
1.9536
2.14194
1.97953
2.06976
1.93612
2.11714
1.82374
1.65675
2.22952
2.10498
2.4354
2.00923
2.05189
1.82049
2.29465
1.96062
2.10391
1.80759
1.82211
2.05728
2.32029
2.39078
2.01034
1.99352
1.67754
2.13307
1.92462
2.39405
1.74617
1.85121
2.38111
2.56603
1.81922
1.68706
1.78189
2.09857
1.84096
1.93876
2.00098
2.07802
1.76153
1.64137
2.00825
2.30655
2.00956
1.9899
2.2332
1.80738
2.04583
1.89329
1.67945
1.9582
1.46562
1.88254
1.98512
2.10671
2.02124
1.91536
1.81041
1.9988
1.81459
1.58068
1.78124
2.08938
1.92136
1.78835
1.90616
2.07918
2.2569
1.73826
2.1257
2.21864
1.87136
1.64544
2.15671
2.35762
2.20713
1.64798
2.15279
2.31946
1.96697
1.97227
1.81641
2.29437
2.00672
1.63107
2.19648
1.75841
2.26926
1.73573
2.22913
2.0049
1.9002
2.06199
2.08986
1.79137
1.81367
1.9334
2.35396
1.66409
1.99347
2.05946
1.77193
2.16915
1.81873
2.11648
2.13784
1.82524
2.41347
1.69153
2.00054
2.01843
1.97501
2.0995
2.03643
2.39449
2.28755
2.25968
1.74636
2.16908
2.05025
2.04474
1.98542
2.11492
1.91657
2.05105
2.25293
1.96806
2.07163
1.58688
2.08037
1.94937
1.90846
1.98344
2.21463
2.08344
1.97717
1.63223
1.77331
2.10553
2.18684
2.25854
1.77095
1.91153
2.33765
2.01582
2.23035
1.90061
1.88816
2.16025
1.94826
2.05408
2.09564
2.1439
2.36524
1.73642
2.29892
2.00667
1.98215
2.48789
1.94145
2.41775
1.82494
2.00311
2.00396
2.24902
2.00612
1.71399
2.15694
2.02745
2.20816
2.053
2.08654
2.1418
2.09749
1.77655
2.32079
1.78357
2.18673
2.14453
2.0032
2.17385
2.39191
2.07232
1.76414
1.87261
1.90284
1.86581
2.17839
1.99432
2.09585
2.05103
1.8971
2.86379
2.08781
2.03509
1.8615
1.54107
2.32336
2.25875
2.2202
1.84463
2.11322
1.73224
1.68449
1.66432
2.23459
1.75348
1.96336
1.89103
2.1765
1.65616
1.8954
1.98414
2.02049
2.38692
1.91142
2.19273
1.83976
2.27099
1.92249
1.5019
1.93821
1.90144
1.97108
2.17999
2.55423
2.21314
1.81183
1.53901
2.2279
2.49755
2.10284
2.171
1.77947
1.95117
2.04289
2.14815
1.71281
2.2672
2.35444
2.16464
2.00401
1.89348
1.91647
2.12584
2.03056
2.3728
2.02055
1.84774
1.85396
1.71831
1.78865
2.03422
1.67651
1.764
1.47323
1.966
1.12395
1.94363
1.94061
2.00818
2.01813
1.99866
2.16243
2.12033
1.97834
2.1209
1.95491
1.8483
1.86834
2.12278
1.70614
1.77785
2.08963
2.09268
2.14103
2.22583
1.96991
2.15177
1.88408
2.0368
1.87853
1.72476
1.72665
2.0854
2.00465
1.93807
1.46594
1.8402
2.06093
2.43239
1.94002
1.97824
1.74204
1.74847
1.72008
1.93337
1.98168
2.05776
2.13884
2.04222
1.82728
2.05562
2.01174
2.42643
1.77159
2.59578
2.03017
2.109
2.58355
2.01912
2.01799
2.01445
1.80334
2.04592
2.06845
2.05314
2.0887
2.06555
1.93229
1.99342
2.24496
2.04873
2.07464
2.02877
2.07204
2.2525
2.23753
1.76272
2.09959
1.87429
2.23836
2.02228
2.05202
2.09303
1.71391
2.32282
1.93891
2.2792
2.34649
1.85844
2.03289
1.64643
2.22165
2.01807
1.8138
2.13689
2.28421
1.669
2.08532
2.27674
1.86781
2.31309
2.5945
1.71014
2.07701
1.94542
2.09491
1.69326
1.92323
1.72224
1.98787
1.82823
1.9313
1.92719
1.22018
1.925
2.60027
2.22184
2.61573
1.9771
1.98372
2.12802
1.90363
2.30289
1.98733
2.12151
1.95864
2.18252
2.28995
1.87893
2.24184
2.00241
2.18447
2.08933
2.10512
2.28129
1.8999
2.06484
1.97133
2.04313
2.05287
1.8655
1.61265
2.0399
2.29246
1.85805
2.27469
2.27287
2.04632
1.92797
1.99488
2.40239
2.08663
1.45584
2.37049
2.10702
2.14021
2.02305
1.88165
1.97816
2.084
1.86159
2.05996
1.98073
1.72244
1.57528
1.80738
1.87321
1.78614
2.05986
2.04168
2.00671
1.87118
1.09749
1.9454
2.03479
2.3894
1.92036
2.14556
2.07459
2.10975
1.94822
2.02964
2.405
1.8727
1.92874
1.57046
2.04724
2.02502
2.2688
2.25859
2.24905
2.13317
2.33189
1.89853
2.15078
1.82968
1.76807
1.95164
2.51659
2.30953
2.30728
2.33323
2.05107
2.01734
2.23897
1.8505
2.36074
2.6533
1.94588
1.85064
2.28541
2.0325
2.00598
2.0676
2.07184
2.69439
2.19088
1.51148
1.76932
2.05857
1.72279
2.50258
2.07633
2.26789
1.96859
1.92377
2.49864
2.06054
2.32361
2.16097
1.68094
2.11367
2.06045
2.02809
1.86081
1.91522
2.25176
1.86038
1.84822
1.82223
1.84072
1.56141
1.82163
1.98564
2.11204
2.00767
1.93786
2.15651
2.27517
1.90828
1.90601
2.27587
2.6261
1.63094
1.98395
1.74725
2.22053
2.10765
2.10672
1.98893
2.11176
1.72717
1.99392
1.99562
2.00829
2.05624
2.12016
2.06234
2.05393
2.09568
1.95622
2.21643
1.91179
2.03619
2.004
2.08833
1.65736
1.61322
1.83213
2.10159
1.86934
1.94302
2.10464
2.05961
1.46667
2.11914
2.04055
1.9232
1.63966
1.66979
2.09938
1.76866
1.92912
2.0233
1.60581
1.96109
2.04064
1.88941
1.94888
1.8934
1.83873
1.99067
1.81403
1.72914
2.35842
2.18915
2.196
1.97934
2.16844
1.92735
1.75629
1.73611
1.95189
1.71862
2.14225
1.7613
2.18777
1.78587
2.21034
1.91961
1.71576
1.96289
2.12373
1.96274
2.14745
2.14528
2.3357
2.21219
2.06947
2.02854
1.42926
2.07676
1.88667
2.03229
1.96936
2.21005
2.10943
2.15898
2.12368
2.04423
2.04627
1.69404
2.33169
1.82931
1.59571
1.94105
1.78582
2.4466
2.47983
1.98453
1.99618
1.94445
1.85645
2.03016
1.90585
1.75967
2.11258
1.96992
1.52238
1.8453
2.23694
2.3273
2.52082
2.11284
1.68009
2.04657
2.39252
2.0846
1.83037
1.99086
1.95861
1.7378
2.18503
1.65478
1.70212
2.06577
2.00724
2.05482
2.04637
2.03522
2.13542
1.78931
2.10247
2.47276
1.67192
2.22308
1.87059
2.07845
1.8856
2.09613
1.91124
2.14574
1.8983
2.07087
2.27029
1.78288
2.28248
2.0987
1.64831
1.94673
1.97029
1.95637
2.21266
1.99353
1.8741
2.01933
1.83815
1.80113
1.98426
2.33998
1.83084
1.93175
2.26867
2.31109
2.19356
2.15356
2.18022
1.78255
2.03796
1.80259
1.80495
2.19203
1.96815
1.58538
1.76347
1.63199
1.88527
2.21014
1.97113
2.40384
2.04271
2.20024
1.90013
1.97793
2.15608
1.85814
2.05502
2.049
1.8652
1.81301
1.87636
2.02207
1.87494
2.46333
2.09911
1.78685
1.95517
2.61227
2.00038
2.06782
1.82642
1.96321
1.97508
1.73173
2.08321
1.96201
2.31875
2.13346
2.00708
1.78244
1.88843
2.2725
2.10844
1.93611
1.69472
2.00572
2.06102
1.75247
2.44875
1.74116
1.88128
1.95406
1.82992
1.75823
2.31527
2.32155
1.81882
2.01428
1.78565
1.75248
1.91049
1.77328
2.15558
1.87184
2.09048
1.91912
2.22413
1.66631
1.97447
1.76359
2.79401
1.46929
1.72973
2.3075
1.96536
2.11785
2.00184
1.62664
1.98627
2.04341
2.02964
1.75614
2.10857
2.29923
2.08296
2.06989
2.22618
1.82526
1.79589
1.71068
1.86464
2.23613
1.71507
1.98702
1.91752
1.73366
2.42558
2.26804
1.74771
1.9766
1.66266
1.90771
1.80181
1.51742
2.10532
2.19033
1.90935
1.73073
2.49708
2.3792
2.1466
1.80887
2.05685
1.85518
2.0224
1.92816
2.26621
2.22799
2.00377
1.96161
2.10708
1.71995
1.7554
1.88634
2.05763
2.12913
1.94218
2.61235
1.84542
2.08231
2.20857
2.21194
2.11781
2.16208
1.96071
1.53622
1.96191
2.22656
2.10795
1.81377
2.02891
2.04814
2.30538
2.06314
2.00959
1.93732
2.10615
1.85095
2.47071
2.13231
1.94035
2.20878
2.12387
2.38169
2.00196
2.20331
1.94954
2.17199
1.45169
2.1407
2.15766
2.35112
2.09722
2.09159
2.16955
1.891
2.0381
1.91656
2.22895
2.31873
1.98613
2.36666
1.92203
1.84006
1.88668
1.99142
2.11565
2.08305
2.06695
1.74986
2.23592
2.299
1.77111
2.30704
1.90685
2.07971
1.93915
1.64189
1.52501
2.04463
2.04045
2.24459
1.95755
2.43797
1.96413
2.08605
2.2621
1.55934
2.1928
1.7198
1.92071
1.70783
1.95795
2.13271
1.92155
1.62783
1.74759
1.90756
2.08739
2.12017
2.09075
1.99223
2.17148
2.10568
1.95055
1.73841
1.976
2.10404
2.09322
1.69836
2.2844
2.16275
1.87011
1.73819
2.15085
2.19771
1.68695
2.14901
2.14323
1.83164
2.28823
1.95416
1.93856
2.00997
2.15665
2.04628
2.06472
1.81346
1.89764
1.97371
2.12692
1.82601
2.16267
2.27569
1.80448
2.10778
2.14382
1.87663
1.67226
2.89305
2.38894
1.74892
2.00953
2.06709
1.86182
2.08442
2.30748
1.98088
1.89805
2.26613
2.0601
2.14824
2.27669
1.66224
1.95023
2.32509
2.03222
2.25017
1.63371
2.13384
2.18031
2.22063
2.27088
2.03255
1.99454
1.80386
2.28145
1.99476
1.98668
2.12893
2.23387
2.09903
2.27215
1.85598
2.01279
2.13553
1.7533
1.76443
1.97798
2.17232
2.08852
2.19554
2.06161
1.95419
2.41379
1.91532
2.08477
1.84406
2.63103
2.05452
2.51672
2.19552
1.86576
1.89467
1.80803
2.5381
1.76527
2.0165
1.87027
1.95993
1.88355
1.86052
1.89408
1.74867
2.01908
2.13196
2.04797
1.90409
2.04124
1.95474
1.73643
2.05609
2.29129
1.81329
2.35804
1.85901
2.32162
2.14254
1.94501
1.7782
1.98107
1.85803
1.92991
2.24871
1.3587
1.86289
2.03876
1.66625
2.16052
2.24257
2.20335
1.1777
2.22874
1.999
1.52643
2.20339
1.68997
1.91536
1.56371
2.85056
1.79629
1.68606
2.00158
1.79818
2.03579
2.35923
2.06226
2.22548
1.98504
2.42231
2.31286
2.42166
1.94451
2.17171
1.71379
2.04268
1.76925
2.20262
1.80272
2.15937
1.84161
1.9324
2.44189
2.16509
2.20955
1.96416
2.14133
2.05064
1.93894
1.66888
1.8493
2.01107
2.029
2.01782
1.86199
2.1862
1.87678
1.91332
1.75364
2.1295
2.30791
1.62715
1.98145
1.85045
2.11231
2.31335
2.07048
1.96963
2.0128
2.09833
1.64619
2.06971
2.22128
1.79733
2.06041
2.13946
1.62268
2.06431
1.92858
2.06202
1.94045
1.92372
2.28621
2.01077
1.55047
2.17285
2.1761
2.13615
1.94599
1.83913
1.96991
1.60559
2.05466
1.93319
1.82254
2.48494
2.15523
2.01944
1.75576
1.97155
1.91203
1.9409
1.88579
2.19473
1.56873
2.1211
1.98304
1.3681
2.14444
1.97846
1.60413
2.61113
1.95233
2.01917
1.81021
1.85146
1.64139
1.99017
2.1082
1.83148
1.97099
1.93358
2.36268
2.0863
1.61251
1.7398
2.25762
2.46367
1.74936
1.93441
2.28322
1.95785
1.87795
1.43111
2.06691
1.87047
2.39186
2.0083
1.60071
2.06117
2.12419
1.54208
1.29011
1.72245
1.88266
1.95421
2.27483
1.81203
1.71307
1.55588
2.11628
2.04112
1.77796
2.49828
2.15956
1.82084
2.02452
2.16015
1.64998
2.00643
1.81169
2.08339
1.93074
1.91797
2.05687
2.15966
2.09904
2.00539
2.90934
2.05637
1.91038
1.86749
2.18385
2.46017
1.79384
2.14541
2.29172
1.84502
1.99944
1.84002
2.30294
1.75496
1.68629
1.71757
2.08587
1.9225
1.96093
2.20744
1.92307
1.97752
1.69144
2.01792
2.14373
1.95481
2.26121
1.8229
2.2992
1.76161
2.20913
1.42647
2.00825
1.97185
1.80732
1.70726
2.02288
1.88302
2.30301
1.99002
2.13172
1.39641
2.12848
2.09778
1.81689
1.71763
2.06685
1.80313
1.71091
2.03938
1.51108
1.91394
1.897
1.77605
2.05737
2.0828
2.07486
2.23446
2.02034
1.72049
1.63256
1.81742
1.44075
1.38279
1.85442
1.98321
1.75023
1.29246
1.9426
2.18621
2.08457
1.88274
2.09219
1.43512
2.07229
2.01338
1.87559
1.63472
2.37997
1.87455
2.06688
2.08258
2.0264
1.99648
1.90855
2.0752
1.78486
1.99967
1.91676
1.61257
1.70018
2.08916
2.1249
2.18944
1.77397
1.52314
1.93993
2.1718
2.10707
2.25873
1.81697
2.11552
1.96311
1.95602
1.35916
2.16593
2.17283
2.10668
2.10836
1.90359
1.8137
2.03411
1.85671
2.06309
2.27932
2.08472
1.6359
2.02343
1.94911
2.17555
1.86198
1.84998
1.66895
2.05262
1.51027
1.82972
2.09125
2.26503
1.99038
1.96966
1.76714
1.9392
1.80539
1.61144
1.84518
1.89079
2.23835
1.66063
1.61459
2.26454
2.11336
2.11862
2.01314
1.77484
1.99568
2.26863
2.02342
2.01328
1.99295
1.16413
1.9876
1.85334
1.9216
1.94204
1.84821
2.21373
1.85518
2.15093
1.56871
2.02107
2.28704
2.04742
2.22214
1.97855
2.01494
1.79628
1.77
1.93682
1.7731
1.72843
2.18256
1.76605
2.30376
1.42209
2.01029
1.86203
2.25082
1.6212
1.70903
1.89697
1.99725
2.07987
1.80792
1.95445
1.96884
2.17421
1.89516
2.29033
2.0822
1.86649
2.14408
1.95633
1.75218
1.87956
1.55219
2.02994
1.9133
1.95439
2.10728
1.95833
2.17435
1.82572
2.00046
1.4668
2.15375
2.07652
2.31025
1.81775
1.981
1.94348
2.23929
1.68131
1.91218
2.28012
2.24214
2.11091
2.06617
1.94581
2.45132
1.86954
1.9245
2.12587
2.26051
1.94839
2.12834
1.31748
1.41174
2.30633
2.19749
1.96902
1.94037