0.499321
0.922299
0.912391
0.919387
0.924499
0.925825
0.915706
0.927755
0.924159
0.913208
0.90949
0.910711
0.901331
0.94283
0.934567
0.932272
0.908764
0.920262
0.914081
0.95507
0.936738
0.935108
0.947823
0.924965
0.936862
0.945024
0.926731
0.943111
0.933054
0.958362
0.934648
0.952829
0.944064
0.955856
0.94724
0.938879
0.943624
0.948721
0.936549
0.944987
0.95295
0.947744
0.949957
0.947286
0.93748
0.934507
0.926481
0.942163
0.944464
0.955308
0.942503
0.942111
0.933474
0.948355
0.951952
0.948076
0.95543
0.966052
0.942674
0.949305
0.942043
0.956449
0.964511
0.948105
0.960102
0.940163
0.951299
0.954977
0.964007
0.959599
0.965887
0.950794
0.948711
0.940535
0.942706
0.95758
0.940231
0.961442
0.956378
0.959244
0.948345
0.959259
0.954624
0.957684
0.953074
0.957635
0.959446
0.947602
0.946113
0.955808
0.96271
0.955101
0.948395
0.961307
0.963236
0.959722
0.947747
0.967628
0.955533
0.958334
0.957137
0.958902
0.966851
0.961022
0.966919
0.962594
0.950301
0.964223
0.965812
0.959928
0.966399
0.964843
0.954624
0.960092
0.964548
0.954462
0.963202
0.967096
0.955423
0.963485
0.959507
0.958242
0.960797
0.961075
0.970365
0.965045
0.958788
0.956018
0.963876
0.965175
0.964021
0.962938
0.974129
0.960618
0.958951
0.95964
0.952537
0.957805
0.964002
0.959371
0.949678
0.968265
0.969797
0.959635
0.957089
0.952929
0.944085
0.967918
0.971273
0.969814
0.959793
0.959279
0.96111
0.966615
0.969027
0.962142
0.965724
0.966519
0.970052
0.961187
0.95621
0.971042
0.96185
0.972477
0.963621
0.964858
0.962377
0.972866
0.967867
0.961599
0.967626
0.959107
0.967609
0.969099
0.964826
0.957584
0.973766
0.975276
0.968395
0.967096
0.965392
0.965426
0.965363
0.966229
0.966931
0.972759
0.953134
0.96387
0.970691
0.967346
0.969912
0.966338
0.959617
0.960818
0.947684
0.963
0.962215
0.971382
0.965444
0.954296
0.95714
0.956207
0.967685
0.968982
0.966182
0.968311
0.964657
0.964291
0.961365
0.966486
0.969684
0.961583
0.972695
0.959565
0.966794
0.95924
0.968649
0.971074
0.970118
0.964351
0.960739
0.954278
0.955572
0.972784
0.96038
0.96276
0.965095
0.967196
0.958061
0.963832
0.958961
0.962559
0.965042
0.963486
0.970302
0.96026
0.962187
0.963788
0.963293
0.964056
0.958753
0.966464
0.969419
0.967224
0.957819
0.971934
0.968375
0.964147
0.966941
0.96826
0.968498
0.96717
0.970004
0.968491
0.964023
0.968237
0.970949
0.969975
0.972191
0.968997
0.962674
0.969971
0.970242
0.966924
0.967786
0.970024
0.967937
0.964979
0.965306
0.960613
0.966375
0.965968
0.973341
0.969423
0.963163
0.966521
0.967278
0.97106
0.968746
0.96777
0.973619
0.96647
0.969406
0.970544
0.958709
0.96386
0.967107
0.962005
0.948307
0.972507
0.977449
0.966513
0.960314
0.959791
0.955627
0.972083
0.972356
0.973457
0.967411
0.961893
0.964717
0.973509
0.974447
0.967559
0.971263
0.967488
0.968446
0.969242
0.959834
0.975203
0.968229
0.973492
0.969613
0.967592
0.971035
0.972676
0.970384
0.967568
0.969329
0.968161
0.97427
0.971834
0.968475
0.964348
0.978823
0.97979
0.974493
0.971007
0.970316
0.970835
0.968439
0.971355
0.971273
0.974893
0.963045
0.96597
0.972037
0.969221
0.974785
0.974386
0.958626
0.96209
0.953603
0.96858
0.965157
0.973711
0.968029
0.953411
0.95961
0.964931
0.970027
0.970698
0.966785
0.972519
0.971118
0.967044
0.967789
0.967984
0.971945
0.964273
0.97066
0.962963
0.971101
0.959998
0.972081
0.973067
0.97561
0.970547
0.951587
0.955576
0.964714
0.97206
0.969058
0.97018
0.967482
0.972639
0.962558
0.966978
0.967101
0.966793
0.968355
0.966406
0.973999
0.964308
0.965813
0.9682
0.969776
0.965975
0.961763
0.973275
0.966473
0.969356
0.962805
0.971178
0.969608
0.967437
0.968663
0.96563
0.971703
0.973107
0.9737
0.969622
0.965445
0.971991
0.974578
0.97152
0.974587
0.972569
0.968255
0.96734
0.973619
0.971895
0.9691
0.971591
0.969286
0.970844
0.964919
0.969606
0.968384
0.966784
0.973226
0.976927
0.964116
0.968628
0.970263
0.965573
0.973701
0.968713
0.972076
0.970374
0.963573
0.970574
0.966422
0.963714
0.970517
0.965432
0.962418
0.973326
0.976761
0.968485
0.960932
0.963874
0.965404
0.970235
0.973285
0.977774
0.967904
0.96871
0.96989
0.971891
0.974256
0.972384
0.972098
0.969848
0.970935
0.969804
0.966277
0.972676
0.967441
0.977604
0.971867
0.969849
0.968392
0.972311
0.976894
0.970722
0.970103
0.966333
0.977247
0.971618
0.972327
0.964218
0.978705
0.982928
0.976867
0.973534
0.973738
0.970624
0.973274
0.977049
0.970988
0.97787
0.9686
0.965699
0.972343
0.9755
0.970251
0.969976
0.965943
0.967951
0.949237
0.969844
0.968175
0.979152
0.968569
0.959364
0.961659
0.961114
0.970752
0.978189
0.965914
0.975577
0.974535
0.970581
0.969839
0.969191
0.966479
0.97103
0.974459
0.971092
0.967817
0.962885
0.970331
0.974292
0.975214
0.971536
0.970135
0.964296
0.961393
0.968377
0.971477
0.971855
0.976417
0.970126
0.96366
0.971218
0.97198
0.965341
0.970115
0.965763
0.978858
0.964537
0.969527
0.96673
0.969588
0.971636
0.967927
0.970419
0.966886
0.974191
0.965561
0.969529
0.97193
0.96699
0.967207
0.970258
0.97267
0.973113
0.975471
0.971717
0.972959
0.969187
0.973283
0.968541
0.972974
0.973755
0.972848
0.969645
0.971306
0.973052
0.971982
0.973511
0.970092
0.969412
0.96857
0.97464
0.966724
0.967098
0.97471
0.979188
0.963967
0.971033
0.97008
0.96753
0.975073
0.972781
0.971996
0.976184
0.973992
0.968436
0.968891
0.962093
0.971052
0.96822
0.964163
0.966877
0.976745
0.973253
0.961526
0.964184
0.966472
0.970721
0.973703
0.978882
0.966568
0.971204
0.970593
0.972919
0.971672
0.973971
0.969942
0.971804
0.975134
0.974873
0.961856
0.97339
0.967237
0.977872
0.977127
0.971376
0.967157
0.972155
0.979097
0.970089
0.9675
0.974345
0.974599
0.975217
0.970437
0.967593
0.976938
0.983979
0.978589
0.97133
0.976811
0.972185
0.972164
0.974783
0.975846
0.977753
0.972226
0.968584
0.970366
0.974396
0.971163
0.977105
0.96838
0.969422
0.958937
0.969724
0.968127
0.977667
0.971586
0.961291
0.966119
0.965267
0.973662
0.971748
0.968747
0.969975
0.973459
0.969634
0.970465
0.970631
0.97201
0.973549
0.972586
0.975235
0.968403
0.965628
0.968683
0.976338
0.976143
0.973612
0.972099
0.966203
0.960432
0.965592
0.97559
0.966384
0.975254
0.975321
0.968959
0.967888
0.970037
0.969183
0.963176
0.965236
0.975745
0.970359
0.967009
0.963805
0.97089
0.970531
0.967522
0.973774
0.971182
0.973307
0.963433
0.967426
0.97061
0.969082
0.96697
0.971956
0.971761
0.974202
0.973121
0.970762
0.975429
0.967457
0.976137
0.971734
0.970029
0.980262
0.973749
0.968053
0.972324
0.974635
0.974202
0.975221
0.962117
0.974354
0.966886
0.972536
0.967066
0.971747
0.974301
0.978805
0.969197
0.968913
0.969376
0.97049
0.974089
0.972558
0.975065
0.975481
0.974427
0.969032
0.97013
0.961289
0.972426
0.972863
0.963945
0.966918
0.974644
0.976133
0.961994
0.96343
0.965169
0.973267
0.97372
0.978424
0.972349
0.971696
0.97221
0.97282
0.9709
0.976405
0.973097
0.973149
0.971379
0.976138
0.967103
0.969096
0.972802
0.975502
0.974963
0.975462
0.969984
0.973468
0.977848
0.97596
0.967237
0.977622
0.973558
0.973878
0.973893
0.970778
0.978091
0.981243
0.980593
0.974078
0.976175
0.973505
0.969127
0.974847
0.977348
0.977562
0.977355
0.967027
0.969678
0.973851
0.972007
0.975294
0.974188
0.970889
0.962134
0.964623
0.965444
0.977974
0.97496
0.964353
0.963404
0.96167
0.972039
0.975418
0.973427
0.972335
0.972507
0.971037
0.971614
0.97008
0.97131
0.977272
0.973739
0.973705
0.969854
0.96348
0.968689
0.976684
0.975732
0.975261
0.972908
0.967333
0.957856
0.973751
0.975095
0.971217
0.976501
0.975759
0.970574
0.9683
0.973168
0.965243
0.96757
0.970408
0.976506
0.973141
0.970505
0.968805
0.968607
0.970132
0.971799
0.973269
0.971796
0.974325
0.965969
0.970094
0.974137
0.975112
0.9645
0.971515
0.971945
0.974711
0.97473
0.972079
0.974556
0.967856
0.977188
0.975254
0.966989
0.978549
0.973581
0.969092
0.97633
0.976068
0.9726
0.975612
0.971083
0.974622
0.966922
0.972967
0.970484
0.971654
0.97287
0.980601
0.970544
0.960829
0.96916
0.97139
0.970265
0.974848
0.972826
0.978724
0.974686
0.97112
0.969742
0.966124
0.969145
0.973948
0.963203
0.970271
0.976599
0.975722
0.967084
0.965181
0.96722
0.967639
0.972244
0.978688
0.974429
0.971448
0.970641
0.972867
0.973282
0.975228
0.974339
0.969808
0.97382
0.976683
0.965835
0.966332
0.976908
0.969423
0.976589
0.975719
0.969936
0.971115
0.979247
0.976972
0.970405
0.975146
0.972605
0.97618
0.975781
0.968727
0.976441
0.980502
0.981624
0.975688
0.97763
0.973474
0.975506
0.974318
0.978463
0.976122
0.97842
0.965151
0.972605
0.975683
0.972949
0.977027
0.974582
0.970059
0.961552
0.966426
0.962449
0.977582
0.97799
0.964254
0.965402
0.965271
0.971862
0.974203
0.974793
0.973231
0.978302
0.966599
0.970536
0.97291
0.97232
0.97912
0.972631
0.975793
0.969797
0.967773
0.968279
0.975854
0.976337
0.975237
0.970599
0.968937
0.962294
0.971702
0.977699
0.970808
0.979238
0.97579
0.969993
0.967889
0.970997
0.965853
0.966739
0.969065
0.977479
0.974048
0.968073
0.966723
0.96955
0.97199
0.972472
0.970199
0.969745
0.973137
0.971259
0.967321
0.971472
0.972123
0.968372
0.973757
0.972161
0.972805
0.974933
0.973487
0.973589
0.970528
0.978343
0.972883
0.968462
0.978676
0.975237