0.0585896
0.917187
0.906563
0.91409
0.918813
0.920383
0.91047
0.921848
0.91855
0.906504
0.932446
0.902169
0.894915
0.934754
0.925825
0.914281
0.910704
0.906328
0.898264
0.936671
0.91537
0.910749
0.933384
0.906151
0.926149
0.925532
0.906563
0.927555
0.931046
0.942469
0.913671
0.931685
0.915876
0.934729
0.925268
0.919697
0.928385
0.925409
0.917728
0.914776
0.938504
0.918969
0.929709
0.924427
0.90169
0.899366
0.902075
0.915353
0.924006
0.933146
0.922733
0.913501
0.909009
0.922898
0.923543
0.927153
0.941696
0.945352
0.924001
0.931996
0.914557
0.933098
0.938806
0.919251
0.93887
0.920629
0.925135
0.937216
0.951149
0.942072
0.945729
0.920277
0.922058
0.906621
0.923999
0.9388
0.909698
0.944332
0.942997
0.938235
0.926017
0.940395
0.93962
0.928415
0.921876
0.93642
0.941635
0.92235
0.923026
0.935645
0.941452
0.928449
0.926295
0.945998
0.947359
0.935848
0.924134
0.952391
0.932897
0.933429
0.936542
0.928501
0.955056
0.946435
0.948767
0.943583
0.920508
0.944402
0.951438
0.935715
0.948854
0.939815
0.932721
0.932913
0.942898
0.934214
0.939908
0.952791
0.942954
0.939613
0.941135
0.929721
0.940465
0.941046
0.954587
0.937418
0.932925
0.928645
0.945752
0.95167
0.943551
0.943622
0.951402
0.944283
0.941725
0.931431
0.928569
0.939732
0.948262
0.939795
0.913214
0.951819
0.94512
0.942973
0.934
0.934301
0.915776
0.953445
0.959866
0.957431
0.936031
0.942549
0.936691
0.951396
0.963497
0.94601
0.953127
0.946029
0.955766
0.942373
0.928623
0.961533
0.944137
0.960742
0.946869
0.945294
0.9416
0.962347
0.953453
0.944858
0.955095
0.94341
0.95306
0.955607
0.946357
0.940536
0.960673
0.962234
0.955241
0.943145
0.94782
0.950576
0.949132
0.952944
0.953401
0.965525
0.937643
0.943397
0.957995
0.953915
0.960426
0.954693
0.934328
0.939474
0.931686
0.938314
0.947258
0.960468
0.953944
0.933397
0.937822
0.937369
0.950766
0.956254
0.95452
0.955651
0.951469
0.944085
0.939358
0.947269
0.95524
0.945617
0.956026
0.947559
0.957832
0.942516
0.957367
0.959703
0.956537
0.949996
0.949334
0.93458
0.936993
0.95931
0.939867
0.93631
0.950629
0.950349
0.945773
0.946838
0.949386
0.950014
0.948388
0.949272
0.958811
0.935853
0.947003
0.947452
0.949539
0.947494
0.934449
0.955718
0.957724
0.95038
0.937672
0.951506
0.952351
0.940902
0.954417
0.953503
0.955376
0.959644
0.957024
0.952592
0.937471
0.95114
0.959041
0.958174
0.955621
0.956062
0.943914
0.952549
0.956543
0.951764
0.949925
0.954723
0.955234
0.952282
0.951078
0.950536
0.95817
0.954174
0.960976
0.955788
0.946213
0.943368
0.951521
0.958992
0.954765
0.956511
0.959284
0.95404
0.957248
0.956641
0.938468
0.949185
0.95429
0.944762
0.928721
0.964173
0.965947
0.953111
0.943914
0.946697
0.93477
0.960581
0.960964
0.964727
0.949986
0.94891
0.949573
0.962621
0.966405
0.949951
0.960808
0.953396
0.959642
0.958628
0.93977
0.965503
0.9506
0.96095
0.957826
0.950385
0.956635
0.963558
0.95996
0.957229
0.957882
0.953141
0.961472
0.961376
0.956214
0.949089
0.971533
0.970339
0.963743
0.956913
0.956666
0.960217
0.95762
0.95684
0.959374
0.96692
0.947361
0.947877
0.962532
0.954325
0.965103
0.965736
0.944576
0.944194
0.942612
0.949589
0.949706
0.96161
0.957536
0.935369
0.942311
0.951093
0.953741
0.958813
0.955543
0.962401
0.960219
0.950308
0.951955
0.950789
0.955078
0.948625
0.960217
0.952629
0.960752
0.940263
0.961478
0.963365
0.964572
0.959126
0.938687
0.940145
0.951049
0.960928
0.954992
0.947161
0.955126
0.962837
0.949202
0.954019
0.954093
0.951756
0.956358
0.950769
0.962868
0.947781
0.946807
0.957573
0.954927
0.952202
0.945598
0.963285
0.957207
0.953792
0.94806
0.953822
0.95563
0.947704
0.955236
0.952064
0.959151
0.965604
0.962012
0.953479
0.950698
0.95592
0.959802
0.958029
0.963279
0.957245
0.952568
0.957602
0.962314
0.959846
0.9526
0.959524
0.95914
0.962466
0.951861
0.960458
0.960054
0.954595
0.961525
0.964863
0.949583
0.953485
0.959895
0.951732
0.961848
0.959256
0.959557
0.955958
0.955822
0.958457
0.950254
0.944121
0.959526
0.95391
0.94722
0.964526
0.967365
0.958544
0.945622
0.951317
0.953063
0.95484
0.962389
0.970528
0.950467
0.957253
0.95925
0.963702
0.967725
0.963226
0.961827
0.957806
0.964004
0.953548
0.95037
0.962175
0.950034
0.969364
0.959404
0.958613
0.953829
0.962168
0.966962
0.961259
0.955829
0.950784
0.965267
0.961254
0.960523
0.951747
0.973054
0.975871
0.968728
0.960543
0.961001
0.961035
0.962633
0.964942
0.960588
0.972096
0.955586
0.95394
0.958298
0.96673
0.958209
0.96181
0.951169
0.950889
0.93652
0.957386
0.954722
0.968003
0.956043
0.94237
0.945508
0.943276
0.959169
0.967539
0.949669
0.967181
0.960736
0.959057
0.952719
0.959016
0.948139
0.958976
0.963806
0.961987
0.957724
0.945485
0.963201
0.965307
0.963436
0.962026
0.956693
0.954713
0.944457
0.9555
0.958873
0.954635
0.966956
0.958876
0.949412
0.958131
0.959901
0.952624
0.958961
0.949616
0.968536
0.953603
0.954828
0.953169
0.954744
0.958927
0.954479
0.958695
0.954675
0.962066
0.951891
0.952995
0.95619
0.948947
0.950276
0.956997
0.958327
0.963691
0.967368
0.95903
0.961965
0.953648
0.960409
0.955024
0.962704
0.956887
0.960735
0.961318
0.961406
0.963439
0.958304
0.962565
0.964617
0.959127
0.954883
0.967352
0.958553
0.957478
0.964155
0.969639
0.949935
0.954626
0.958754
0.958066
0.962471
0.961194
0.959599
0.964
0.966851
0.954356
0.954081
0.941126
0.95689
0.957389
0.947906
0.942599
0.968807
0.965253
0.947472
0.948995
0.9578
0.956858
0.962219
0.970244
0.952641
0.964586
0.961062
0.963526
0.965329
0.965919
0.962167
0.960115
0.971029
0.963227
0.948096
0.965738
0.950484
0.970284
0.966697
0.961917
0.950003
0.96037
0.970359
0.961622
0.954446
0.963651
0.964771
0.964116
0.958574
0.954893
0.968682
0.979199
0.967226
0.958435
0.965264
0.963826
0.961886
0.964367
0.963887
0.971875
0.964606
0.958114
0.953471
0.966455
0.962324
0.971018
0.955613
0.957193
0.947028
0.956121
0.95272
0.9675
0.959059
0.94977
0.954796
0.942281
0.965566
0.958357
0.945607
0.961348
0.964329
0.957185
0.954797
0.96127
0.955952
0.962278
0.963418
0.965072
0.960334
0.949786
0.959661
0.968169
0.96521
0.963682
0.960617
0.958285
0.946717
0.954391
0.965417
0.945225
0.964725
0.963971
0.958052
0.955576
0.955465
0.95922
0.949575
0.951635
0.966337
0.958749
0.95389
0.950601
0.958812
0.957394
0.953898
0.965529
0.960167
0.962206
0.950682
0.951425
0.958834
0.955738
0.951002
0.957678
0.960371
0.969335
0.964392
0.958501
0.964655
0.950496
0.965076
0.958861
0.959924
0.969298
0.964109
0.956016
0.959887
0.9642
0.964368
0.963463
0.954028
0.962608
0.955162
0.961823
0.958201
0.962495
0.96331
0.97129
0.955755
0.953518
0.95038
0.961344
0.964977
0.961302
0.962207
0.964136
0.965784
0.955926
0.95605
0.943677
0.960392
0.962582
0.937072
0.955564
0.966732
0.970063
0.950681
0.948648
0.956547
0.956992
0.963796
0.971166
0.962965
0.959382
0.960824
0.961896
0.954861
0.970925
0.963863
0.964584
0.964757
0.968841
0.952724
0.958456
0.959993
0.96593
0.964409
0.966409
0.955614
0.963312
0.969991
0.972006
0.952974
0.972067
0.961979
0.963028
0.96509
0.959769
0.972824
0.974351
0.969336
0.963658
0.963901
0.963705
0.961626
0.964133
0.965775
0.972154
0.971601
0.954253
0.953735
0.963504
0.963639
0.967017
0.965569
0.955542
0.953257
0.953498
0.949761
0.965501
0.965066
0.949046
0.949675
0.938534
0.962449
0.962722
0.956695
0.96348
0.963286
0.960162
0.958675
0.958438
0.95844
0.962982
0.96248
0.963619
0.962206
0.94349
0.96125
0.96713
0.969182
0.962606
0.962054
0.959857
0.944763
0.961094
0.964845
0.955233
0.965538
0.966526
0.962201
0.956909
0.960833
0.95492
0.955049
0.957214
0.969086
0.959495
0.960136
0.955494
0.95701
0.956256
0.961818
0.963893
0.964231
0.964153
0.952874
0.956111
0.961477
0.958899
0.945845
0.958453
0.961883
0.969129
0.96649
0.963422
0.964495
0.952244
0.966755
0.966645
0.95193
0.969337
0.964185
0.958485
0.967879
0.965065
0.961192
0.963706
0.962455
0.966755
0.955486
0.964186
0.962361
0.963247
0.961409
0.974527
0.955371
0.942118
0.955147
0.958545
0.960467
0.964729
0.962405
0.968314
0.964063
0.960618
0.959856
0.948554
0.956778
0.968144
0.943789
0.961402
0.970216
0.964097
0.95853
0.949513
0.958682
0.953431
0.963563
0.97131
0.966444
0.962504
0.960692
0.965044
0.96659
0.970475
0.958571
0.9637
0.963595
0.969716
0.95472
0.952965
0.969227
0.95821
0.967446
0.967231
0.953384
0.960918
0.971457
0.971037
0.957675
0.965584
0.961352
0.964931
0.967605
0.959019
0.969064
0.975433
0.972338
0.968172
0.966599
0.963231
0.968236
0.966455
0.968793
0.970405
0.973394
0.953864
0.957212
0.966708
0.964707
0.97228
0.96494
0.958447
0.949003
0.955123
0.946993
0.966265
0.968543
0.948574
0.954526
0.95023
0.959718
0.961309
0.960758
0.968365
0.967912
0.958567
0.956252
0.963979
0.960096
0.972479
0.957488
0.966061
0.961008
0.952072
0.956856
0.966146
0.96935
0.963994
0.955802
0.96325
0.949872
0.956205
0.967534
0.953007
0.969918
0.966073
0.960908
0.955278
0.953514
0.958191
0.954406
0.954296
0.971909
0.964136
0.953518
0.950651
0.958423
0.95842
0.963749
0.959874
0.960229
0.956024
0.961038
0.949727
0.960779
0.956946
0.95346
0.962244
0.963298
0.963814
0.964889
0.961692
0.963968
0.953845
0.965181
0.965345
0.958044
0.967633
0.966916